1567016597.195827, 21.125000
1567016598.198876, 21.125000
1567016599.201790, 21.062500
1567016600.204700, 21.125000
1567016601.207617, 21.187500
1567016602.210581, 21.187500
1567016603.213533, 21.250000
1567016604.216444, 21.250000
1567016605.219390, 21.312500
1567016606.222318, 21.250000
1567016607.225262, 21.250000
1567016608.228245, 21.250000
1567016609.231189, 21.500000
1567016610.234133, 21.625000
1567016611.237057, 21.562500
1567016612.239803, 21.437500
1567016613.242730, 21.500000
1567016614.245675, 21.562500
1567016615.248602, 21.750000
1567016616.251537, 22.062500
1567016617.254495, 21.937500
1567016618.257505, 21.687500
1567016619.259800, 21.812500
1567016620.262859, 21.937500
1567016621.265776, 21.875000
1567016622.268443, 22.062500
1567016623.271396, 22.375000
1567016624.274335, 22.812500
1567016625.277294, 22.937500
1567016626.280243, 22.312500
1567016627.283175, 22.375000
1567016628.286099, 22.625000
1567016629.289066, 23.000000
1567016630.291989, 23.187500
1567016631.294920, 23.437500
1567016632.297843, 23.437500
1567016633.300830, 22.812500
1567016634.303770, 23.125000
1567016635.306767, 23.437500
1567016636.309799, 23.812500
1567016637.312724, 23.875000
1567016638.315637, 23.875000
1567016639.318574, 24.125000
1567016640.321520, 23.937500
1567016641.324459, 23.687500
1567016642.327395, 23.500000
1567016643.329814, 24.125000
1567016644.332778, 24.500000
1567016645.337078, 24.562500
1567016646.339806, 24.437500
1567016647.342747, 24.125000
1567016648.345687, 24.062500
1567016649.348624, 24.000000
1567016650.350736, 24.187500
1567016651.353676, 25.062500
1567016652.356613, 24.937500
1567016653.359554, 24.687500
1567016654.362462, 25.187500
1567016655.365405, 24.937500
1567016656.368352, 24.750000
1567016657.371341, 24.750000
1567016658.374284, 25.000000
1567016659.377228, 25.250000
1567016660.379854, 25.625000
1567016661.382815, 25.375000
1567016662.385753, 25.250000
1567016663.388512, 25.437500
1567016664.391446, 25.625000
1567016665.394384, 25.875000
1567016666.397351, 26.125000
1567016667.399814, 26.250000
1567016668.402754, 26.312500
1567016669.405700, 25.937500
1567016670.408614, 26.437500
1567016671.411553, 26.500000
1567016672.414495, 26.375000
1567016673.416756, 16.062500
1567016674.419634, 26.687500
1567016675.422563, 26.812500
1567016676.425500, 26.937500
1567016677.428452, 27.000000
1567016678.431378, 26.937500
1567016679.434337, 27.000000
1567016680.437273, 27.250000
1567016681.439838, 27.250000
1567016682.442803, 27.500000
1567016683.445740, 27.500000
1567016684.448671, 27.500000
1567016685.451609, 27.562500
1567016686.454519, 27.687500
1567016687.457452, 27.687500
1567016688.459810, 27.875000
1567016689.462742, 27.937500
1567016690.465670, 28.062500
1567016691.468625, 28.125000
1567016692.471574, 28.187500
1567016693.474506, 28.250000
1567016694.477446, 28.375000
1567016695.479837, 28.375000
1567016696.482772, 28.625000
1567016697.485807, 28.625000
1567016698.488746, 28.750000
1567016699.491674, 28.875000
1567016700.494618, 28.875000
1567016701.497551, 28.937500
1567016702.499854, 29.000000
1567016703.502768, 29.125000
1567016704.505799, 29.187500
1567016705.508734, 29.312500
1567016706.511664, 29.437500
1567016707.514601, 29.500000
1567016708.517748, 29.562500
1567016709.519795, 29.687500
1567016710.522715, 29.687500
1567016711.525665, 29.937500
1567016712.528616, 30.000000
1567016713.531554, 30.062500
1567016714.534483, 30.125000
1567016715.537418, 30.250000
1567016716.539812, 30.375000
1567016717.542733, 30.375000
1567016718.545668, 30.562500
1567016719.548598, 30.687500
1567016720.551503, 30.687500
1567016721.554440, 30.750000
1567016722.557386, 30.875000
1567016723.559798, 31.000000
1567016724.562738, 31.000000
1567016725.565811, 31.125000
1567016726.568754, 31.187500
1567016727.571684, 31.375000
1567016728.574618, 31.375000
1567016729.577603, 31.500000
1567016730.579813, 31.562500
1567016731.582750, 31.625000
1567016732.585701, 31.687500
1567016733.588673, 31.812500
1567016734.591608, 32.000000
1567016735.594568, 32.000000
1567016736.597515, 32.125000
1567016737.599776, 32.187500
1567016738.602709, 32.312500
1567016739.605849, 32.312500
1567016740.608791, 32.437500
1567016741.611728, 32.562500
1567016742.614655, 32.562500
1567016743.617585, 32.750000
1567016744.619832, 32.750000
1567016745.622765, 32.937500
1567016746.625697, 33.000000
1567016747.628637, 33.000000
1567016748.631563, 33.125000
1567016749.634499, 33.187500
1567016750.637424, 33.375000
1567016751.639792, 33.375000
1567016752.642736, 33.500000
1567016753.645657, 33.562500
1567016754.648561, 33.625000
1567016755.651482, 33.687500
1567016756.653736, 32.125000
1567016757.656606, 33.875000
1567016758.659538, 34.000000
1567016759.661798, 32.125000
1567016760.664675, 34.125000
1567016761.667711, 34.187500
1567016762.669805, 34.312500
1567016763.672740, 34.375000
1567016764.675683, 34.500000
1567016765.678710, 34.562500
1567016766.681771, 34.625000
1567016767.684724, 34.750000
1567016768.686376, 34.812500
1567016769.689258, 34.875000
1567016770.692175, 34.937500
1567016771.695103, 35.062500
1567016772.698097, 35.125000
1567016773.701051, 35.250000
1567016774.703989, 35.250000
1567016775.706935, 35.437500
1567016776.709803, 35.437500
1567016777.712734, 35.500000
1567016778.715675, 35.625000
1567016779.718620, 35.687500
1567016780.721565, 35.750000
1567016781.724496, 35.812500
1567016782.727421, 36.000000
1567016783.729784, 36.062500
1567016784.732714, 36.187500
1567016785.735652, 36.125000
1567016786.738581, 36.250000
1567016787.741497, 36.312500
1567016788.744423, 36.437500
1567016789.747366, 36.500000
1567016790.749806, 36.625000
1567016791.752774, 36.625000
1567016792.755040, 32.125000
1567016793.757279, 36.875000
1567016794.759187, 36.937500
1567016795.761394, 32.125000
1567016796.763601, 32.125000
1567016797.766475, 37.187500
1567016798.769491, 37.250000
1567016799.772429, 37.312500
1567016800.775343, 37.437500
1567016801.778276, 37.500000
1567016802.781226, 37.500000
1567016803.784153, 37.687500
1567016804.787091, 37.687500
1567016805.789808, 37.750000
1567016806.792975, 37.937500
1567016807.795973, 37.937500
1567016808.798933, 38.062500
1567016809.801884, 38.187500
1567016810.804826, 38.187500
1567016811.807759, 38.250000
1567016812.809824, 38.375000
1567016813.812783, 38.437500
1567016814.815724, 38.562500
1567016815.818655, 38.625000
1567016816.821775, 38.625000
1567016817.824728, 38.750000
1567016818.827762, 38.875000
1567016819.830043, 38.937500
1567016820.832256, 32.125000
1567016821.835157, 39.062500
1567016822.838136, 39.187500
1567016823.840402, 32.125000
1567016824.843289, 39.312500
1567016825.846236, 39.375000
1567016826.849184, 39.375000
1567016827.852155, 39.562500
1567016828.855105, 39.687500
1567016829.858102, 39.750000
1567016830.861043, 39.812500
1567016831.863977, 39.812500
1567016832.866234, 32.125000
1567016833.869132, 40.062500
1567016834.872079, 40.125000
1567016835.874986, 40.125000
1567016836.877958, 40.250000
1567016837.880947, 40.375000
1567016838.883888, 40.500000
1567016839.886836, 40.500000
1567016840.889813, 40.500000
1567016841.892745, 40.687500
1567016842.895683, 40.750000
1567016843.898661, 40.812500
1567016844.901597, 40.937500
1567016845.904550, 41.000000
1567016846.907487, 41.062500
1567016847.909796, 41.125000
1567016848.912732, 41.187500
1567016849.915667, 41.312500
1567016850.918625, 41.375000
1567016851.921533, 41.437500
1567016852.924433, 41.437500
1567016853.927391, 41.687500
1567016854.929798, 41.625000
1567016855.932735, 41.750000
1567016856.935662, 41.812500
1567016857.938604, 41.875000
1567016858.941532, 42.062500
1567016859.943797, 32.125000
1567016860.946003, 32.125000
1567016861.948883, 42.250000
1567016862.951822, 42.250000
1567016863.954781, 42.312500
1567016864.957732, 42.437500
1567016865.959837, 42.562500
1567016866.962809, 42.562500
1567016867.965737, 42.687500
1567016868.968666, 42.750000
1567016869.971602, 42.750000
1567016870.974547, 42.875000
1567016871.977624, 42.937500
1567016872.979805, 42.937500
1567016873.982750, 43.125000
1567016874.985698, 43.187500
1567016875.988686, 43.250000
1567016876.990939, 32.125000
1567016877.993843, 43.375000
1567016878.996779, 43.500000
1567016879.999775, 43.562500
1567016881.002923, 43.625000
1567016882.006000, 43.687500
1567016883.009060, 43.812500
1567016884.011987, 43.875000
1567016885.014915, 43.875000
1567016886.017861, 44.000000
1567016887.020966, 44.062500
1567016888.023902, 44.125000
1567016889.026903, 44.312500
1567016890.029833, 44.312500
1567016891.032808, 44.437500
1567016892.035755, 44.437500
1567016893.038707, 44.437500
1567016894.041671, 44.562500
1567016895.044617, 44.625000
1567016896.047559, 44.750000
1567016897.049835, 44.875000
1567016898.052785, 44.875000
1567016899.055721, 45.000000
1567016900.058692, 45.062500
1567016901.061591, 45.125000
1567016902.064523, 45.187500
1567016903.067463, 45.250000
1567016904.069803, 45.312500
1567016905.072741, 45.437500
1567016906.075660, 45.625000
1567016907.078582, 45.562500
1567016908.081510, 45.625000
1567016909.084460, 45.687500
1567016910.087411, 45.812500
1567016911.089819, 45.875000
1567016912.092751, 46.000000
1567016913.095010, 32.125000
1567016914.097886, 46.125000
1567016915.100888, 46.187500
1567016916.103829, 46.250000
1567016917.106168, 46.312500
1567016918.109107, 46.375000
1567016919.112043, 46.437500
1567016920.114099, 46.562500
1567016921.117032, 46.625000
1567016922.119830, 46.687500
1567016923.122762, 46.750000
1567016924.125703, 46.812500
1567016925.128863, 46.937500
1567016926.131124, 32.125000
1567016927.133998, 47.125000
1567016928.136942, 47.187500
1567016929.139824, 47.187500
1567016930.142754, 47.312500
1567016931.145721, 47.437500
1567016932.148656, 47.375000
1567016933.151598, 47.437500
1567016934.154529, 47.562500
1567016935.157481, 47.625000
1567016936.159821, 47.750000
1567016937.162740, 47.812500
1567016938.165671, 47.937500
1567016939.168598, 47.875000
1567016940.171525, 48.000000
1567016941.173796, 48.187500
1567016942.176778, 48.187500
1567016943.179891, 48.312500
1567016944.182831, 48.375000
1567016945.185854, 48.437500
1567016946.188789, 48.500000
1567016947.191750, 48.562500
1567016948.194695, 48.687500
1567016949.197606, 48.687500
1567016950.199796, 48.750000
1567016951.202733, 48.812500
1567016952.205722, 48.937500
1567016953.208761, 49.062500
1567016954.211931, 49.125000
1567016955.213311, 48.187500
1567016956.216212, 49.187500
1567016957.219181, 49.375000
1567016958.222095, 49.437500
1567016959.225062, 49.500000
1567016960.227991, 49.562500
1567016961.230976, 49.562500
1567016962.233904, 49.562500
1567016963.236823, 49.812500
1567016964.239795, 49.875000
1567016965.242706, 49.875000
1567016966.245620, 50.000000
1567016967.248561, 50.000000
1567016968.251479, 50.125000
1567016969.254411, 50.250000
1567016970.257340, 50.250000
1567016971.259804, 50.375000
1567016972.262738, 50.375000
1567016973.265660, 50.375000
1567016974.268612, 50.562500
1567016975.271549, 50.625000
1567016976.274498, 50.687500
1567016977.277441, 50.750000
1567016978.279795, 50.812500
1567016979.282749, 50.937500
1567016980.285696, 51.000000
1567016981.288637, 51.062500
1567016982.291581, 51.125000
1567016983.294497, 51.125000
1567016984.297438, 51.250000
1567016985.300376, 51.312500
1567016986.303310, 51.375000
1567016987.306277, 51.437500
1567016988.309217, 51.562500
1567016989.312143, 51.687500
1567016990.315088, 51.687500
1567016991.318072, 51.812500
1567016992.321039, 51.812500
1567016993.323971, 51.875000
1567016994.326987, 52.000000
1567016995.329819, 52.000000
1567016996.332766, 52.125000
1567016997.335704, 52.250000
1567016998.338666, 52.312500
1567016999.341563, 52.375000
1567017000.344491, 52.437500
1567017001.347420, 52.500000
1567017002.349808, 52.500000
1567017003.352746, 52.562500
1567017004.355681, 52.687500
1567017005.358613, 52.750000
1567017006.361548, 52.875000
1567017007.364491, 52.937500
1567017008.367446, 53.000000
1567017009.369808, 53.000000
1567017010.372753, 53.125000
1567017011.375704, 53.187500
1567017012.378637, 53.375000
1567017013.381577, 53.375000
1567017014.384519, 53.437500
1567017015.387453, 53.500000
1567017016.390361, 53.562500
1567017017.393289, 53.625000
1567017018.396222, 53.687500
1567017019.399151, 53.750000
1567017020.402097, 53.875000
1567017021.405037, 53.937500
1567017022.408148, 54.000000
1567017023.411305, 54.125000
1567017024.414230, 54.125000
1567017025.417180, 54.187500
1567017026.420130, 54.312500
1567017027.423126, 54.375000
1567017028.426062, 54.500000
1567017029.429015, 54.562500
1567017030.431949, 54.625000
1567017031.434881, 54.687500
1567017032.437816, 54.750000
1567017033.439123, 54.812500
1567017034.442003, 54.875000
1567017035.444941, 54.937500
1567017036.447893, 55.000000
1567017037.450884, 55.125000
1567017038.453834, 55.187500
1567017039.456765, 55.187500
1567017040.459750, 55.250000
1567017041.462688, 55.375000
1567017042.465630, 55.437500
1567017043.468686, 55.562500
1567017044.471644, 55.562500
1567017045.474590, 55.625000
1567017046.477522, 55.750000
1567017047.479829, 55.812500
1567017048.482761, 56.000000
1567017049.485675, 55.937500
1567017050.488618, 56.000000
1567017051.491553, 56.125000
1567017052.494501, 56.187500
1567017053.497461, 56.250000
1567017054.500411, 56.312500
1567017055.503366, 56.375000
1567017056.506480, 56.437500
1567017057.509421, 56.562500
1567017058.512341, 56.562500
1567017059.515271, 56.625000
1567017060.518222, 56.687500
1567017061.521155, 56.875000
1567017062.524103, 56.875000
1567017063.527060, 56.875000
1567017064.529907, 57.000000
1567017065.532957, 57.000000
1567017066.535860, 57.125000
1567017067.538798, 57.187500
1567017068.541733, 57.250000
1567017069.544667, 57.312500
1567017070.547591, 57.437500
1567017071.549903, 57.500000
1567017072.552846, 57.500000
1567017073.555836, 57.562500
1567017074.558790, 57.687500
1567017075.561731, 57.812500
1567017076.564667, 57.875000
1567017077.567596, 57.937500
1567017078.569806, 58.000000
1567017079.572753, 58.000000
1567017080.575684, 58.125000
1567017081.577983, 58.125000
1567017082.580242, 58.250000
1567017083.583219, 58.250000
1567017084.585486, 48.187500
1567017085.588371, 58.437500
1567017086.591313, 58.500000
1567017087.594248, 58.625000
1567017088.596504, 48.187500
1567017089.599385, 58.687500
1567017090.602318, 58.812500
1567017091.605260, 58.812500
1567017092.608186, 58.937500
1567017093.611129, 59.000000
1567017094.614062, 59.062500
1567017095.616992, 59.062500
1567017096.619812, 59.187500
1567017097.622743, 59.250000
1567017098.625684, 59.250000
1567017099.628621, 59.437500
1567017100.631569, 59.562500
1567017101.634596, 59.562500
1567017102.637632, 59.625000
1567017103.639805, 59.750000
1567017104.644315, 59.750000
1567017105.647260, 59.812500
1567017106.649797, 59.937500
1567017107.652735, 60.000000
1567017108.655671, 60.000000
1567017109.658606, 60.125000
1567017110.661539, 60.125000
1567017111.664476, 60.250000
1567017112.667425, 60.375000
1567017113.669809, 60.375000
1567017114.672736, 60.437500
1567017115.675678, 60.562500
1567017116.678636, 60.562500
1567017117.681569, 60.625000
1567017118.684491, 60.750000
1567017119.687425, 60.750000
1567017120.689816, 60.875000
1567017121.692938, 61.000000
1567017122.695987, 60.937500
1567017123.698925, 61.000000
1567017124.701862, 61.062500
1567017125.704805, 61.187500
1567017126.707732, 61.312500
1567017127.709820, 61.375000
1567017128.712810, 61.375000
1567017129.715754, 61.437500
1567017130.718666, 61.562500
1567017131.721591, 61.562500
1567017132.724528, 61.625000
1567017133.727466, 61.625000
1567017134.729847, 61.812500
1567017135.732785, 61.812500
1567017136.735726, 61.937500
1567017137.738687, 62.000000
1567017138.741619, 62.125000
1567017139.744573, 62.125000
1567017140.747507, 62.187500
1567017141.749804, 62.250000
1567017142.752740, 62.312500
1567017143.755678, 62.312500
1567017144.758628, 62.500000
1567017145.761584, 62.562500
1567017146.764520, 62.625000
1567017147.767552, 62.687500
1567017148.770510, 62.687500
1567017149.773456, 62.750000
1567017150.776407, 62.875000
1567017151.779341, 63.000000
1567017152.782280, 63.062500
1567017153.785216, 63.125000
1567017154.788161, 63.125000
1567017155.791108, 63.250000
1567017156.794053, 63.312500
1567017157.796988, 63.375000
1567017158.799803, 63.500000
1567017159.802739, 63.500000
1567017160.805667, 63.562500
1567017161.808157, 63.625000
1567017162.811091, 63.750000
1567017163.814194, 63.812500
1567017164.817123, 63.875000
1567017165.819805, 64.000000
1567017166.822758, 64.062500
1567017167.825690, 64.125000
1567017168.828658, 64.125000
1567017169.831595, 64.250000
1567017170.834525, 64.375000
1567017171.837464, 64.437500
1567017172.839842, 64.437500
1567017173.842775, 64.562500
1567017174.845722, 64.562500
1567017175.848652, 64.625000
1567017176.851584, 64.750000
1567017177.854515, 64.812500
1567017178.857449, 64.875000
1567017179.859779, 64.937500
1567017180.862744, 65.000000
1567017181.865697, 65.062500
1567017182.868678, 65.125000
1567017183.871652, 65.187500
1567017184.873909, 64.250000
1567017185.876780, 65.375000
1567017186.879764, 65.437500
1567017187.882772, 65.562500
1567017188.885725, 65.625000
1567017189.888661, 65.562500
1567017190.891664, 65.750000
1567017191.894614, 65.812500
1567017192.897549, 65.812500
1567017193.899805, 65.937500
1567017194.902766, 66.000000
1567017195.905677, 66.000000
1567017196.908686, 66.125000
1567017197.911646, 66.250000
1567017198.914578, 66.250000
1567017199.917509, 66.312500
1567017200.919816, 66.437500
1567017201.922759, 66.437500
1567017202.925696, 66.500000
1567017203.928642, 66.500000
1567017204.931574, 66.687500
1567017205.934518, 66.687500
1567017206.937448, 66.687500
1567017207.939807, 66.812500
1567017208.942759, 66.937500
1567017209.945689, 67.000000
1567017210.948638, 67.062500
1567017211.951562, 67.062500
1567017212.954491, 67.125000
1567017213.957431, 67.187500
1567017214.959799, 67.312500
1567017215.962735, 67.375000
1567017216.965694, 67.500000
1567017217.968629, 67.500000
1567017218.971558, 67.500000
1567017219.974484, 67.562500
1567017220.977415, 67.625000
1567017221.979799, 67.750000
1567017222.982731, 67.812500
1567017223.985658, 67.875000
1567017224.988589, 67.875000
1567017225.991596, 68.062500
1567017226.994524, 68.062500
1567017227.997425, 68.125000
1567017228.999802, 68.250000
1567017230.002742, 68.187500
1567017231.005677, 68.375000
1567017232.008618, 68.375000
1567017233.011552, 68.437500
1567017234.014488, 68.500000
1567017235.017431, 68.687500
1567017236.019803, 68.625000
1567017237.022745, 68.687500
1567017238.025667, 68.750000
1567017239.028657, 68.812500
1567017240.031608, 68.937500
1567017241.034542, 69.000000
1567017242.037501, 69.062500
1567017243.039812, 69.125000
1567017244.042717, 69.125000
1567017245.045761, 69.250000
1567017246.048698, 69.312500
1567017247.051652, 69.375000
1567017248.054593, 69.437500
1567017249.057525, 69.562500
1567017250.059810, 69.625000
1567017251.062747, 69.562500
1567017252.065679, 69.687500
1567017253.068617, 69.750000
1567017254.071565, 69.875000
1567017255.074497, 70.000000
1567017256.077450, 70.000000
1567017257.079802, 70.062500
1567017258.082747, 70.062500
1567017259.085689, 70.187500
1567017260.088600, 70.187500
1567017261.091547, 70.250000
1567017262.094483, 70.375000
1567017263.097431, 70.375000
1567017264.099790, 70.562500
1567017265.102732, 70.562500
1567017266.105662, 70.562500
1567017267.108594, 70.625000
1567017268.111532, 70.750000
1567017269.114460, 70.812500
1567017270.117416, 70.937500
1567017271.119811, 71.000000
1567017272.122773, 71.000000
1567017273.125713, 71.125000
1567017274.128651, 71.125000
1567017275.131800, 71.250000
1567017276.134098, 71.312500
1567017277.136977, 71.312500
1567017278.139809, 71.500000
1567017279.142766, 71.437500
1567017280.145780, 71.625000
1567017281.148734, 71.687500
1567017282.151698, 71.687500
1567017283.154627, 71.812500
1567017284.157556, 71.875000
1567017285.159796, 71.875000
1567017286.162744, 72.000000
1567017287.165678, 72.187500
1567017288.167974, 72.125000
1567017289.170962, 72.250000
1567017290.173921, 72.312500
1567017291.176187, 64.250000
1567017292.179036, 72.375000
1567017293.181973, 72.437500
1567017294.184233, 64.250000
1567017295.187107, 72.625000
1567017296.189797, 72.687500
1567017297.192734, 72.812500
1567017298.195673, 72.812500
1567017299.198617, 72.875000
1567017300.201543, 72.937500
1567017301.204577, 73.000000
1567017302.207512, 73.062500
1567017303.209105, 64.250000
1567017304.211979, 73.187500
1567017305.214934, 73.250000
1567017306.218089, 73.312500
1567017307.219942, 73.437500
1567017308.222824, 73.437500
1567017309.225761, 73.500000
1567017310.228032, 64.250000
1567017311.230884, 73.687500
1567017312.233808, 73.812500
1567017313.236762, 73.750000
1567017314.239723, 73.875000
1567017315.242629, 73.937500
1567017316.244871, 64.250000
1567017317.247753, 74.125000
1567017318.249827, 74.125000
1567017319.251533, 64.250000
1567017320.254427, 74.312500
1567017321.257356, 74.312500
1567017322.259776, 74.437500
1567017323.262719, 74.437500
1567017324.265018, 74.562500
1567017325.267228, 64.250000
1567017326.269811, 74.750000
1567017327.272333, 74.750000
1567017328.274418, 74.875000
1567017329.277357, 74.875000
1567017330.279108, 64.250000
1567017331.281986, 75.062500
1567017332.284924, 75.187500
1567017333.287863, 75.187500
1567017334.290192, 64.250000
1567017335.293072, 75.312500
1567017336.296003, 75.375000
1567017337.298969, 75.375000
1567017338.301914, 75.500000
1567017339.304857, 75.500000
1567017340.307793, 75.625000
1567017341.309808, 75.687500
1567017342.312744, 75.750000
1567017343.315685, 75.812500
1567017344.318620, 75.875000
1567017345.321553, 76.000000
1567017346.323811, 64.250000
1567017347.326054, 76.125000
1567017348.328369, 76.187500
1567017349.331406, 76.187500
1567017350.334370, 76.312500
1567017351.337305, 76.375000
1567017352.339802, 76.437500
1567017353.342197, 76.437500
1567017354.345113, 76.562500
1567017355.348107, 76.625000
1567017356.351052, 76.625000
1567017357.353999, 76.750000
1567017358.356937, 76.812500
1567017359.359801, 76.875000
1567017360.362762, 76.937500
1567017361.365701, 77.000000
1567017362.368686, 77.062500
1567017363.371610, 77.125000
1567017364.374632, 77.187500
1567017365.377569, 77.250000
1567017366.379800, 77.375000
1567017367.382734, 77.375000
1567017368.385662, 77.437500
1567017369.388602, 77.500000
1567017370.391525, 77.562500
1567017371.394464, 77.562500
1567017372.397401, 77.625000
1567017373.399805, 77.812500
1567017374.402737, 77.812500
1567017375.405668, 77.875000
1567017376.408610, 78.000000
1567017377.411527, 77.937500
1567017378.414467, 78.062500
1567017379.417399, 78.187500
1567017380.419799, 78.250000
1567017381.422734, 78.312500
1567017382.425664, 78.375000
1567017383.428619, 78.500000
1567017384.431551, 78.437500
1567017385.434488, 78.562500
1567017386.437421, 78.687500
1567017387.439802, 78.687500
1567017388.442732, 78.687500
1567017389.445691, 78.812500
1567017390.448631, 78.875000
1567017391.451562, 78.937500
1567017392.454498, 79.062500
1567017393.457428, 79.125000
1567017394.459799, 79.125000
1567017395.462730, 79.187500
1567017396.465660, 79.312500
1567017397.467948, 64.250000
1567017398.470882, 79.500000
1567017399.473818, 79.500000
1567017400.476748, 79.562500
1567017401.479811, 79.625000
1567017402.482744, 79.687500
1567017403.485671, 79.812500
1567017404.488608, 79.750000
1567017405.491539, 79.937500
1567017406.494470, 80.000000
1567017407.497405, 80.000000
1567017408.499847, 80.125000
1567017409.502777, 80.187500
1567017410.505727, 80.187500
1567017411.508660, 80.250000
1567017412.511589, 80.375000
1567017413.514529, 80.437500
1567017414.517472, 80.500000
1567017415.519902, 80.562500
1567017416.522854, 80.562500
1567017417.525756, 80.625000
1567017418.528676, 80.687500
1567017419.531616, 80.687500
1567017420.534549, 80.812500
1567017421.537487, 80.875000
1567017422.539805, 81.000000
1567017423.542746, 81.000000
1567017424.545674, 81.062500
1567017425.548613, 81.125000
1567017426.551557, 81.187500
1567017427.554489, 81.312500
1567017428.557429, 81.375000
1567017429.559809, 81.500000
1567017430.562743, 81.500000
1567017431.565680, 81.562500
1567017432.568635, 81.562500
1567017433.571539, 81.687500
1567017434.574496, 81.750000
1567017435.577430, 81.812500
1567017436.579826, 81.937500
1567017437.582756, 81.937500
1567017438.585696, 82.000000
1567017439.588645, 82.125000
1567017440.591575, 82.125000
1567017441.594504, 82.187500
1567017442.596782, 80.312500
1567017443.599709, 82.437500
1567017444.602649, 82.437500
1567017445.604700, 82.562500
1567017446.607632, 82.625000
1567017447.609891, 82.625000
1567017448.612839, 82.687500
1567017449.615753, 82.750000
1567017450.618708, 82.812500
1567017451.621631, 82.875000
1567017452.624559, 83.000000
1567017453.627525, 83.062500
1567017454.629811, 83.125000
1567017455.632749, 83.187500
1567017456.635842, 83.250000
1567017457.638876, 83.250000
1567017458.641808, 83.375000
1567017459.644753, 83.437500
1567017460.647683, 83.500000
1567017461.649797, 83.562500
1567017462.652735, 83.625000
1567017463.655676, 83.687500
1567017464.658626, 83.812500
1567017465.661575, 83.812500
1567017466.664518, 83.875000
1567017467.667457, 83.937500
1567017468.669810, 84.000000
1567017469.672830, 84.000000
1567017470.675774, 84.187500
1567017471.678742, 84.250000
1567017472.681676, 84.187500
1567017473.684621, 84.312500
1567017474.687682, 84.375000
1567017475.689816, 84.437500
1567017476.692747, 84.437500
1567017477.695669, 84.625000
1567017478.698598, 84.625000
1567017479.701533, 84.687500
1567017480.704502, 84.812500
1567017481.707409, 84.812500
1567017482.709804, 84.937500
1567017483.712741, 84.875000
1567017484.715672, 85.000000
1567017485.718612, 85.000000
1567017486.721536, 85.187500
1567017487.724462, 85.250000
1567017488.727404, 85.312500
1567017489.730391, 85.375000
1567017490.733327, 85.375000
1567017491.736271, 85.375000
1567017492.739222, 85.500000
1567017493.742182, 85.625000
1567017494.745112, 85.625000
1567017495.748100, 85.687500
1567017496.751087, 85.750000
1567017497.753987, 85.812500
1567017498.756917, 85.875000
1567017499.759864, 85.937500
1567017500.762807, 86.000000
1567017501.765766, 86.062500
1567017502.768703, 86.125000
1567017503.771648, 86.187500
1567017504.774595, 86.312500
1567017505.777547, 86.312500
1567017506.779815, 86.437500
1567017507.782754, 86.437500
1567017508.785697, 86.500000
1567017509.788644, 86.625000
1567017510.791593, 86.687500
1567017511.794567, 86.750000
1567017512.797523, 86.812500
1567017513.799788, 86.812500
1567017514.802735, 86.937500
1567017515.805699, 87.000000
1567017516.808642, 87.062500
1567017517.811581, 87.062500
1567017518.814518, 87.250000
1567017519.817464, 87.250000
1567017520.819815, 87.312500
1567017521.822764, 87.437500
1567017522.825715, 87.437500
1567017523.828669, 87.437500
1567017524.831611, 87.625000
1567017525.834576, 87.625000
1567017526.836836, 80.312500
1567017527.839763, 87.750000
1567017528.842697, 87.875000
1567017529.845602, 87.875000
1567017530.848530, 88.000000
1567017531.851463, 88.000000
1567017532.854413, 88.000000
1567017533.857349, 88.125000
1567017534.859805, 88.187500
1567017535.862736, 88.312500
1567017536.865671, 88.375000
1567017537.868615, 88.375000
1567017538.871552, 88.375000
1567017539.874488, 88.500000
1567017540.877467, 88.625000
1567017541.880407, 88.687500
1567017542.883334, 88.750000
1567017543.886264, 88.750000
1567017544.889211, 88.875000
1567017545.892130, 88.875000
1567017546.895064, 88.937500
1567017547.898039, 89.000000
1567017548.900996, 89.000000
1567017549.903930, 89.125000
1567017550.906867, 89.187500
1567017551.909844, 89.250000
1567017552.912788, 89.312500
1567017553.915728, 89.375000
1567017554.918673, 89.375000
1567017555.921608, 89.500000
1567017556.924569, 89.500000
1567017557.927506, 89.687500
1567017558.929810, 89.750000
1567017559.932738, 89.750000
1567017560.935678, 89.750000
1567017561.938592, 89.812500
1567017562.941522, 89.875000
1567017563.944454, 89.937500
1567017564.947390, 90.000000
1567017565.949801, 90.125000
1567017566.952733, 90.125000
1567017567.955670, 90.250000
1567017568.958649, 90.312500
1567017569.961592, 90.312500
1567017570.964510, 90.375000
1567017571.967450, 90.562500
1567017572.969811, 90.500000
1567017573.972759, 90.625000
1567017574.975689, 90.750000
1567017575.978631, 90.750000
1567017576.981561, 90.812500
1567017577.984470, 90.812500
1567017578.987400, 90.875000
1567017579.989808, 91.000000
1567017580.992738, 91.062500
1567017581.995057, 91.062500
1567017582.997256, 80.312500
1567017583.999808, 91.187500
1567017585.002741, 91.312500
1567017586.005676, 91.312500
1567017587.008608, 91.437500
1567017588.011539, 91.437500
1567017589.014642, 91.562500
1567017590.017580, 91.562500
1567017591.020530, 91.625000
1567017592.023466, 91.687500
1567017593.026394, 91.750000
1567017594.029316, 91.812500
1567017595.031629, 91.937500
1567017596.034566, 92.000000
1567017597.037512, 92.062500
1567017598.039808, 92.125000
1567017599.042742, 92.125000
1567017600.045671, 92.250000
1567017601.048603, 92.250000
1567017602.051547, 92.375000
1567017603.054482, 92.437500
1567017604.057416, 92.500000
1567017605.059823, 92.562500
1567017606.062755, 92.625000
1567017607.065691, 92.687500
1567017608.068619, 92.812500
1567017609.071532, 92.750000
1567017610.074479, 92.875000
1567017611.077430, 92.875000
1567017612.079811, 93.000000
1567017613.082743, 93.062500
1567017614.085675, 93.125000
1567017615.088607, 93.187500
1567017616.091538, 93.187500
1567017617.094488, 93.375000
1567017618.097412, 93.375000
1567017619.099802, 93.437500
1567017620.102744, 93.562500
1567017621.105695, 93.562500
1567017622.108671, 93.687500
1567017623.111610, 93.687500
1567017624.114577, 93.812500
1567017625.117494, 93.812500
1567017626.119890, 93.875000
1567017627.122143, 80.312500
1567017628.125019, 94.062500
1567017629.127301, 94.062500
1567017630.129104, 80.312500
1567017631.131976, 94.250000
1567017632.134915, 94.250000
1567017633.137173, 80.312500
1567017634.139797, 94.500000
1567017635.142739, 94.500000
1567017636.145706, 94.562500
1567017637.148712, 94.625000
1567017638.151655, 94.687500
1567017639.154579, 94.625000
1567017640.157548, 94.812500
1567017641.159812, 94.875000
1567017642.162135, 94.937500
1567017643.165031, 95.000000
1567017644.167969, 95.062500
1567017645.171146, 95.062500
1567017646.174084, 95.187500
1567017647.177021, 95.250000
1567017648.179969, 95.312500
1567017649.182977, 95.312500
1567017650.185921, 95.375000
1567017651.188865, 95.437500
1567017652.191815, 95.500000
1567017653.194072, 80.312500
1567017654.196962, 95.687500
1567017655.199807, 95.687500
1567017656.202269, 95.812500
1567017657.205239, 95.937500
1567017658.208182, 95.875000
1567017659.211114, 96.000000
1567017660.214054, 96.125000
1567017661.216986, 96.125000
1567017662.219790, 96.250000
1567017663.222733, 96.250000
1567017664.225707, 96.312500
1567017665.228642, 96.312500
1567017666.230936, 96.375000
1567017667.233816, 96.500000
1567017668.236757, 96.562500
1567017669.239082, 96.562500
1567017670.242027, 96.625000
1567017671.244975, 96.750000
1567017672.247919, 96.687500
1567017673.250921, 96.750000
1567017674.253926, 96.937500
1567017675.256921, 97.000000
1567017676.259816, 97.062500
1567017677.262743, 97.062500
1567017678.265675, 97.125000
1567017679.268773, 97.125000
1567017680.271715, 97.312500
1567017681.274808, 97.312500
1567017682.278267, 97.437500
1567017683.281407, 97.437500
1567017684.284405, 97.500000
1567017685.287319, 97.625000
1567017686.289804, 97.625000
1567017687.292736, 97.687500
1567017688.295704, 97.750000
1567017689.298092, 97.875000
1567017690.301028, 97.937500
1567017691.303956, 98.000000
1567017692.306887, 98.062500
1567017693.309144, 98.062500
1567017694.312087, 98.062500
1567017695.315036, 98.312500
1567017696.317971, 98.312500
1567017697.321060, 98.375000
1567017698.323997, 98.375000
1567017699.326939, 98.500000
1567017700.329804, 98.500000
1567017701.332717, 98.562500
1567017702.335664, 98.625000
1567017703.338607, 98.687500
1567017704.341540, 98.750000
1567017705.344484, 98.875000
1567017706.347411, 98.937500
1567017707.350421, 98.937500
1567017708.353368, 98.937500
1567017709.356315, 99.062500
1567017710.359318, 99.125000
1567017711.362249, 99.312500
1567017712.365184, 99.250000
1567017713.368133, 99.312500
1567017714.371067, 99.437500
1567017715.374000, 99.500000
1567017716.376934, 99.562500
1567017717.379785, 99.562500
1567017718.382735, 99.687500
1567017719.385671, 99.750000
1567017720.388622, 99.812500
1567017721.391550, 100.000000
1567017722.394502, 100.000000
1567017723.397432, 100.000000
1567017724.399826, 100.000000
1567017725.402757, 100.062500
1567017726.405692, 100.125000
1567017727.408626, 100.250000
1567017728.411580, 100.312500
1567017729.414510, 100.375000
1567017730.417644, 100.375000
1567017731.420599, 100.437500
1567017732.423529, 100.562500
1567017733.426454, 100.500000
1567017734.429401, 100.562500
1567017735.432343, 100.687500
1567017736.435280, 100.750000
1567017737.438220, 100.812500
1567017738.441143, 100.937500
1567017739.444083, 101.000000
1567017740.447017, 101.062500
1567017741.449963, 101.062500
1567017742.452892, 101.062500
1567017743.455827, 101.250000
1567017744.458764, 101.250000
1567017745.461766, 101.375000
1567017746.464709, 101.375000
1567017747.467800, 101.437500
1567017748.470503, 101.437500
1567017749.473409, 101.625000
1567017750.475625, 101.562500
1567017751.478505, 101.750000
1567017752.481446, 101.687500
1567017753.484367, 101.812500
1567017754.487318, 101.937500
1567017755.489829, 101.937500
1567017756.492766, 102.000000
1567017757.495697, 102.062500
1567017758.498639, 102.062500
1567017759.501566, 102.125000
1567017760.504504, 102.250000
1567017761.507433, 102.312500
1567017762.509808, 102.375000
1567017763.512744, 102.437500
1567017764.515677, 102.500000
1567017765.518590, 102.562500
1567017766.521531, 102.562500
1567017767.524536, 102.625000
1567017768.527459, 102.750000
1567017769.531132, 102.687500
1567017770.534071, 102.812500
1567017771.537017, 102.937500
1567017772.539872, 102.937500
1567017773.542817, 103.062500
1567017774.545062, 96.375000
1567017775.547934, 103.187500
1567017776.550943, 103.187500
1567017777.553883, 103.312500
1567017778.556826, 103.375000
1567017779.559781, 103.375000
1567017780.562729, 103.500000
1567017781.565640, 103.562500
1567017782.568596, 103.625000
1567017783.571612, 103.625000
1567017784.574552, 103.687500
1567017785.577519, 103.750000
1567017786.579801, 103.750000
1567017787.582737, 103.875000
1567017788.585680, 103.875000
1567017789.588604, 104.062500
1567017790.590861, 96.375000
1567017791.593746, 104.125000
1567017792.595930, 104.187500
1567017793.598870, 104.250000
1567017794.601811, 104.250000
1567017795.604729, 104.312500
1567017796.607716, 104.500000
1567017797.609128, 104.562500
1567017798.612010, 104.562500
1567017799.614956, 104.562500
1567017800.617891, 104.625000
1567017801.620879, 104.750000
1567017802.623822, 104.750000
1567017803.626750, 104.937500
1567017804.629739, 104.875000
1567017805.632685, 104.937500
1567017806.635608, 104.937500
1567017807.638548, 105.062500
1567017808.641481, 105.125000
1567017809.644439, 105.250000
1567017810.647482, 105.312500
1567017811.649813, 105.375000
1567017812.652761, 105.437500
1567017813.655668, 105.437500
1567017814.658611, 105.500000
1567017815.661619, 105.562500
1567017816.664541, 105.625000
1567017817.667553, 105.687500
1567017818.669805, 105.750000
1567017819.672755, 105.812500
1567017820.675686, 105.937500
1567017821.678625, 105.937500
1567017822.681553, 106.000000
1567017823.684484, 106.125000
1567017824.687423, 106.125000
1567017825.689796, 106.250000
1567017826.692724, 106.250000
1567017827.695659, 106.312500
1567017828.698634, 106.375000
1567017829.701544, 106.437500
1567017830.704485, 106.437500
1567017831.707432, 106.500000
1567017832.709805, 106.625000
1567017833.712752, 106.687500
1567017834.715689, 106.750000
1567017835.718620, 106.812500
1567017836.721546, 106.875000
1567017837.723827, 106.875000
1567017838.726705, 107.000000
1567017839.729647, 107.062500
1567017840.732582, 107.125000
1567017841.735528, 107.125000
1567017842.738471, 107.187500
1567017843.741432, 107.250000
1567017844.744378, 107.312500
1567017845.747290, 107.375000
1567017846.749797, 107.437500
1567017847.752720, 107.562500
1567017848.755649, 107.625000
1567017849.758597, 107.750000
1567017850.761525, 107.750000
1567017851.764465, 107.750000
1567017852.767400, 107.937500
1567017853.770469, 108.000000
1567017854.773409, 108.000000
1567017855.776352, 108.062500
1567017856.779286, 108.062500
1567017857.782224, 108.125000
1567017858.785183, 108.187500
1567017859.788132, 108.312500
1567017860.791057, 108.312500
1567017861.793954, 108.312500
1567017862.796883, 108.500000
1567017863.799821, 108.562500
1567017864.802758, 108.500000
1567017865.805692, 108.562500
1567017866.808652, 108.687500
1567017867.811774, 108.750000
1567017868.814723, 108.812500
1567017869.817731, 108.875000
1567017870.819802, 108.875000
1567017871.822733, 109.000000
1567017872.825733, 109.000000
1567017873.828661, 109.125000
1567017874.831632, 109.187500
1567017875.834584, 109.312500
1567017876.837501, 109.375000
1567017877.839100, 96.375000
1567017878.841973, 109.437500
1567017879.844901, 109.500000
1567017880.847842, 109.562500
1567017881.850858, 109.625000
1567017882.853790, 109.687500
1567017883.856729, 109.750000
1567017884.859724, 109.812500
1567017885.862676, 109.875000
1567017886.865613, 109.937500
1567017887.868576, 109.937500
1567017888.871507, 110.000000
1567017889.874458, 110.125000
1567017890.877387, 110.125000
1567017891.879813, 110.250000
1567017892.882736, 110.312500
1567017893.885660, 110.312500
1567017894.888600, 110.375000
1567017895.891566, 110.312500
1567017896.894601, 110.437500
1567017897.897532, 110.500000
1567017898.899824, 110.562500
1567017899.902761, 110.625000
1567017900.905696, 110.625000
1567017901.908650, 110.750000
1567017902.911587, 110.750000
1567017903.914523, 110.875000
1567017904.917456, 110.937500
1567017905.919815, 111.000000
1567017906.922750, 111.062500
1567017907.925680, 111.125000
1567017908.928597, 111.125000
1567017909.931535, 111.187500
1567017910.934462, 111.312500
1567017911.937393, 111.312500
1567017912.939811, 111.375000
1567017913.942843, 111.437500
1567017914.945779, 111.562500
1567017915.948715, 111.562500
1567017916.951649, 111.687500
1567017917.954578, 111.687500
1567017918.957507, 111.750000
1567017919.959798, 111.750000
1567017920.962803, 111.875000
1567017921.965735, 111.937500
1567017922.968672, 112.062500
1567017923.971599, 112.125000
1567017924.974520, 112.125000
1567017925.977443, 112.187500
1567017926.979820, 112.312500
1567017927.982396, 112.312500
1567017928.985324, 112.375000
1567017929.988285, 112.437500
1567017930.991214, 112.562500
1567017931.994147, 112.562500
1567017932.997147, 112.625000
1567017933.999805, 112.750000
1567017935.002747, 112.750000
1567017936.005675, 112.812500
1567017937.008619, 112.875000
1567017938.011555, 113.000000
1567017939.014506, 113.062500
1567017940.017439, 113.062500
1567017941.020369, 113.062500
1567017942.023306, 113.187500
1567017943.026242, 113.187500
1567017944.029177, 113.375000
1567017945.032113, 113.312500
1567017946.035049, 113.437500
1567017947.037983, 113.375000
1567017948.040979, 113.562500
1567017949.043916, 113.562500
1567017950.046849, 113.687500
1567017951.049809, 113.687500
1567017952.052824, 113.750000
1567017953.055766, 113.812500
1567017954.058684, 113.875000
1567017955.061589, 114.000000
1567017956.063826, 112.437500
1567017957.066026, 114.000000
1567017958.068661, 114.125000
1567017959.071573, 114.125000
1567017960.073814, 112.437500
1567017961.076670, 114.312500
1567017962.079589, 114.312500
1567017963.082496, 114.375000
1567017964.085406, 114.437500
1567017965.088317, 114.562500
1567017966.091219, 114.562500
1567017967.094129, 114.625000
1567017968.097050, 114.687500
1567017969.099290, 112.437500
1567017970.102142, 114.875000
1567017971.105177, 114.937500
1567017972.108090, 114.937500
1567017973.111003, 115.000000
1567017974.113919, 115.062500
1567017975.116845, 115.062500
1567017976.119794, 115.187500
1567017977.122723, 115.250000
1567017978.125642, 115.250000
1567017979.128580, 115.312500
1567017980.131516, 115.500000
1567017981.134473, 115.437500
1567017982.137427, 115.625000
1567017983.140373, 115.500000
1567017984.143310, 115.625000
1567017985.145602, 115.687500
1567017986.147803, 112.437500
1567017987.150678, 115.812500
1567017988.153619, 115.875000
1567017989.155880, 112.437500
1567017990.158817, 115.937500
1567017991.161761, 116.062500
1567017992.164701, 116.062500
1567017993.167673, 116.062500
1567017994.169132, 116.187500
1567017995.172021, 116.250000
1567017996.174279, 112.437500
1567017997.177163, 116.375000
1567017998.179845, 116.437500
1567017999.182794, 116.437500
1567018000.185736, 116.500000
1567018001.188669, 116.625000
1567018002.191577, 116.625000
1567018003.194526, 116.687500
1567018004.197624, 116.750000
1567018005.199831, 116.875000
1567018006.202775, 116.937500
1567018007.205702, 116.937500
1567018008.208643, 117.062500
1567018009.211590, 117.062500
1567018010.214518, 117.125000
1567018011.217913, 117.187500
1567018012.220931, 117.250000
1567018013.223877, 117.375000
1567018014.226864, 117.375000
1567018015.229812, 117.437500
1567018016.232739, 117.500000
1567018017.235008, 112.437500
1567018018.237864, 117.625000
1567018019.240891, 117.625000
1567018020.243815, 117.687500
1567018021.246755, 117.750000
1567018022.249766, 117.875000
1567018023.252708, 117.937500
1567018024.255666, 118.000000
1567018025.258624, 118.062500
1567018026.261567, 118.062500
1567018027.264497, 118.125000
1567018028.267449, 118.187500
1567018029.269804, 118.312500
1567018030.272727, 118.312500
1567018031.275648, 118.375000
1567018032.278583, 118.437500
1567018033.281497, 118.500000
1567018034.284460, 118.500000
1567018035.287386, 118.562500
1567018036.289811, 118.687500
1567018037.292744, 118.687500
1567018038.295568, 118.750000
1567018039.298502, 118.875000
1567018040.301437, 118.875000
1567018041.304376, 118.937500
1567018042.306634, 112.437500
1567018043.308858, 119.062500
1567018044.311728, 119.187500
1567018045.314669, 119.187500
1567018046.316956, 119.375000
1567018047.319837, 119.375000
1567018048.322740, 119.375000
1567018049.325708, 119.500000
1567018050.328649, 119.500000
1567018051.331583, 119.500000
1567018052.334516, 119.500000
1567018053.337448, 119.625000
1567018054.339812, 119.750000
1567018055.342097, 119.812500
1567018056.344982, 119.875000
1567018057.347912, 119.937500
1567018058.350926, 119.937500
1567018059.353885, 119.937500
1567018060.356846, 120.062500
1567018061.359802, 120.187500
1567018062.362739, 120.125000
1567018063.365707, 120.187500
1567018064.368648, 120.250000
1567018065.371595, 120.312500
1567018066.374532, 120.437500
1567018067.377462, 120.437500
1567018068.379806, 120.500000
1567018069.382742, 120.500000
1567018070.385678, 120.625000
1567018071.388624, 120.625000
1567018072.391548, 120.750000
1567018073.394532, 120.687500
1567018074.397485, 120.750000
1567018075.399811, 120.875000
1567018076.402747, 120.875000
1567018077.405700, 121.000000
1567018078.408636, 121.062500
1567018079.411558, 121.125000
1567018080.414528, 121.062500
1567018081.417470, 121.187500
1567018082.419775, 121.250000
1567018083.422644, 121.312500
1567018084.425580, 121.312500
1567018085.428519, 121.437500
1567018086.431466, 121.562500
1567018087.434400, 121.562500
1567018088.437391, 121.687500
1567018089.439905, 121.750000
1567018090.442840, 121.750000
1567018091.445786, 121.812500
1567018092.448718, 121.875000
1567018093.451646, 121.937500
1567018094.454551, 122.000000
1567018095.457481, 122.000000
1567018096.459819, 122.187500
1567018097.462768, 122.187500
1567018098.465697, 122.312500
1567018099.468634, 122.250000
1567018100.471579, 122.312500
1567018101.474522, 122.437500
1567018102.477481, 122.437500
1567018103.479806, 122.562500
1567018104.482727, 122.562500
1567018105.485664, 122.625000
1567018106.488622, 122.687500
1567018107.491561, 122.812500
1567018108.494501, 122.812500
1567018109.497429, 122.875000
1567018110.499813, 122.875000
1567018111.502774, 123.000000
1567018112.505707, 123.000000
1567018113.508648, 123.125000
1567018114.511574, 123.187500
1567018115.514510, 123.250000
1567018116.517443, 123.250000
1567018117.519802, 123.312500
1567018118.522737, 123.437500
1567018119.525676, 123.437500
1567018120.528600, 123.500000
1567018121.531534, 123.562500
1567018122.534493, 123.625000
1567018123.537430, 123.687500
1567018124.539819, 123.687500
1567018125.542921, 123.812500
1567018126.545847, 123.812500
1567018127.548779, 123.812500
1567018128.551768, 123.875000
1567018129.554722, 124.000000
1567018130.557023, 124.000000
1567018131.559816, 124.062500
1567018132.562753, 124.125000
1567018133.565695, 124.187500
1567018134.568632, 124.187500
1567018135.571571, 124.375000
1567018136.574505, 124.375000
1567018137.577525, 124.375000
1567018138.580458, 124.500000
1567018139.583392, 124.625000
1567018140.586328, 124.562500
1567018141.589439, 124.625000
1567018142.592356, 124.687500
1567018143.595293, 124.750000
1567018144.598231, 124.875000
1567018145.601162, 124.875000
1567018146.604107, 125.000000
1567018147.607043, 125.000000
1567018148.609813, 125.062500
1567018149.612768, 125.125000
1567018150.615700, 125.187500
1567018151.618654, 125.250000
1567018152.621600, 125.312500
1567018153.624543, 125.375000
1567018154.627493, 125.437500
1567018155.629814, 125.500000
1567018156.632740, 125.500000
1567018157.634686, 125.562500
1567018158.637605, 125.750000
1567018159.639790, 125.750000
1567018160.642745, 125.750000
1567018161.645690, 125.812500
1567018162.648638, 125.937500
1567018163.650425, 125.937500
1567018164.653304, 126.000000
1567018165.656245, 126.062500
1567018166.658530, 126.125000
1567018167.661400, 126.187500
1567018168.664342, 126.250000
1567018169.667289, 126.312500
1567018170.670265, 126.375000
1567018171.673191, 126.437500
1567018172.676119, 126.500000
1567018173.679063, 126.437500
1567018174.682001, 126.500000
1567018175.684912, 126.562500
1567018176.687872, 126.562500
1567018177.690872, 126.750000
1567018178.693994, 126.687500
1567018179.696926, 126.812500
1567018180.699805, 126.875000
1567018181.702740, 126.937500
1567018182.705672, 127.000000
1567018183.708632, 127.062500
1567018184.711586, 127.000000
1567018185.714593, 127.125000
1567018186.717537, 127.250000
1567018187.719818, 127.312500
1567018188.722756, 127.312500
1567018189.725686, 127.375000
1567018190.728634, 127.500000
1567018191.731544, 127.437500
1567018192.734467, 127.562500
1567018193.736723, 112.437500
1567018194.739601, 127.687500
1567018195.742537, 127.750000
1567018196.745493, 127.750000
1567018197.748434, 127.812500
1567018198.751396, 127.937500
1567018199.754338, 127.937500
1567018200.757366, 128.000000
1567018201.759807, 128.062500
1567018202.762813, 128.187500
1567018203.765744, 128.250000
1567018204.768675, 128.250000
1567018205.771607, 128.312500
1567018206.774541, 128.312500
1567018207.777465, 128.437500
1567018208.779815, 128.437500
1567018209.782753, 128.437500
1567018210.788249, 128.500000
1567018211.791192, 128.625000
1567018212.794118, 128.687500
1567018213.797054, 128.750000
1567018214.799818, 128.812500
1567018215.802755, 128.875000
1567018216.805698, 128.937500
1567018217.808649, 128.937500
1567018218.811577, 129.000000
1567018219.814514, 129.000000
1567018220.817452, 129.125000
1567018221.820224, 129.187500
1567018222.823189, 129.250000
1567018223.825479, 129.312500
1567018224.828364, 129.312500
1567018225.831322, 129.500000
1567018226.833576, 128.500000
1567018227.836459, 129.500000
1567018228.839408, 129.562500
1567018229.842346, 129.625000
1567018230.845291, 129.687500
1567018231.848243, 129.750000
1567018232.851184, 129.937500
1567018233.854121, 129.875000
1567018234.857053, 130.000000
1567018235.859131, 130.000000
1567018236.862017, 130.000000
1567018237.864965, 130.187500
1567018238.867904, 130.250000
1567018239.870853, 130.250000
1567018240.873794, 130.312500
1567018241.876734, 130.375000
1567018242.879720, 130.437500
1567018243.882655, 130.437500
1567018244.885612, 130.562500
1567018245.888546, 130.562500
1567018246.890833, 130.625000
1567018247.893027, 128.500000
1567018248.895922, 130.875000
1567018249.898873, 130.875000
1567018250.901143, 128.500000
1567018251.904044, 130.875000
1567018252.906972, 130.937500
1567018253.909813, 131.062500
1567018254.912738, 131.062500
1567018255.915669, 131.125000
1567018256.918632, 131.187500
1567018257.921566, 131.312500
1567018258.924517, 131.375000
1567018259.927456, 131.375000
1567018260.929132, 131.437500
1567018261.932106, 131.500000
1567018262.935065, 131.562500
1567018263.938057, 131.500000
1567018264.940989, 131.687500
1567018265.943936, 131.750000
1567018266.946905, 131.750000
1567018267.949850, 131.750000
1567018268.952782, 131.812500
1567018269.955707, 131.937500
1567018270.958614, 132.000000
1567018271.961547, 131.937500
1567018272.963558, 132.062500
1567018273.966510, 132.062500
1567018274.969454, 132.125000
1567018275.972408, 132.187500
1567018276.975337, 132.187500
1567018277.978442, 132.312500
1567018278.981377, 132.312500
1567018279.984309, 132.437500
1567018280.987253, 132.437500
1567018281.989106, 132.500000
1567018282.991309, 128.500000
1567018283.994182, 132.562500
1567018284.996586, 132.687500
1567018285.999511, 132.687500
1567018287.002447, 132.687500
1567018288.005374, 132.812500
1567018289.006970, 132.812500
1567018290.009805, 132.937500
1567018291.012886, 133.000000
1567018292.015832, 133.125000
1567018293.018765, 133.187500
1567018294.021710, 133.187500
1567018295.024655, 133.250000
1567018296.027628, 133.312500
1567018297.029821, 133.375000
1567018298.032759, 133.437500
1567018299.035694, 133.437500
1567018300.038625, 133.562500
1567018301.041561, 133.562500
1567018302.044496, 133.625000
1567018303.047431, 133.625000
1567018304.049803, 133.687500
1567018305.052733, 133.812500
1567018306.055200, 133.875000
1567018307.058144, 133.937500
1567018308.061079, 134.000000
1567018309.064034, 134.062500
1567018310.066987, 134.062500
1567018311.069939, 134.125000
1567018312.072885, 134.250000
1567018313.075822, 134.250000
1567018314.078754, 134.312500
1567018315.081689, 134.312500
1567018316.084622, 134.437500
1567018317.087540, 134.500000
1567018318.089800, 134.500000
1567018319.092724, 134.625000
1567018320.095665, 134.625000
1567018321.098599, 134.812500
1567018322.101622, 134.750000
1567018323.104571, 134.750000
1567018324.107507, 134.937500
1567018325.109804, 135.000000
1567018326.112752, 135.000000
1567018327.115702, 135.062500
1567018328.118694, 135.125000
1567018329.121624, 135.187500
1567018330.124641, 135.187500
1567018331.127581, 135.250000
1567018332.130530, 135.312500
1567018333.133458, 135.312500
1567018334.136399, 135.375000
1567018335.139324, 135.500000
1567018336.142269, 135.562500
1567018337.145222, 135.625000
1567018338.148170, 135.625000
1567018339.151101, 135.687500
1567018340.154018, 135.687500
1567018341.156955, 135.812500
1567018342.159801, 135.812500
1567018343.162729, 135.937500
1567018344.165684, 136.000000
1567018345.168614, 135.937500
1567018346.171567, 136.062500
1567018347.174501, 136.062500
1567018348.177440, 136.250000
1567018349.179807, 136.187500
1567018350.182064, 128.500000
1567018351.184958, 136.375000
1567018352.187897, 136.375000
1567018353.190897, 136.437500
1567018354.193832, 136.500000
1567018355.196800, 136.500000
1567018356.199783, 136.562500
1567018357.202722, 136.625000
1567018358.205658, 136.750000
1567018359.208606, 136.750000
1567018360.211552, 136.812500
1567018361.214505, 136.875000
1567018362.217437, 136.875000
1567018363.219811, 137.000000
1567018364.222746, 137.125000
1567018365.225642, 137.062500
1567018366.228569, 137.125000
1567018367.231499, 137.187500
1567018368.234433, 137.250000
1567018369.237364, 137.250000
1567018370.239818, 137.375000
1567018371.242766, 137.437500
1567018372.245721, 137.437500
1567018373.248664, 137.562500
1567018374.251609, 137.562500
1567018375.254559, 137.562500
1567018376.257495, 137.687500
1567018377.259832, 137.750000
1567018378.262764, 137.687500
1567018379.265710, 137.812500
1567018380.268633, 137.875000
1567018381.271567, 137.937500
1567018382.274496, 138.000000
1567018383.277437, 138.125000
1567018384.279806, 138.125000
1567018385.282756, 138.187500
1567018386.285682, 138.250000
1567018387.288617, 138.250000
1567018388.291598, 138.312500
1567018389.294543, 138.375000
1567018390.297555, 138.437500
1567018391.299803, 138.500000
1567018392.302739, 138.500000
1567018393.305755, 138.625000
1567018394.308699, 138.625000
1567018395.311649, 138.750000
1567018396.314683, 138.812500
1567018397.316613, 138.812500
1567018398.319564, 138.875000
1567018399.322526, 138.937500
1567018400.325476, 139.062500
1567018401.328422, 139.062500
1567018402.331358, 139.125000
1567018403.334293, 139.125000
1567018404.337232, 139.187500
1567018405.339827, 139.250000
1567018406.342762, 139.312500
1567018407.345696, 139.375000
1567018408.348638, 139.375000
1567018409.351651, 139.437500
1567018410.354589, 139.500000
1567018411.357542, 139.562500
1567018412.359811, 139.687500
1567018413.362781, 139.687500
1567018414.365725, 139.687500
1567018415.368827, 139.750000
1567018416.371763, 139.812500
1567018417.374702, 139.937500
1567018418.377625, 139.875000
1567018419.379810, 140.000000
1567018420.382742, 140.062500
1567018421.385674, 140.187500
1567018422.388624, 140.187500
1567018423.391562, 140.187500
1567018424.394521, 140.250000
1567018425.397457, 140.375000
1567018426.399802, 140.312500
1567018427.402736, 140.437500
1567018428.405683, 140.500000
1567018429.408595, 140.562500
1567018430.411554, 140.625000
1567018431.414501, 140.562500
1567018432.417449, 140.750000
1567018433.419836, 140.687500
1567018434.422955, 140.812500
1567018435.426182, 140.875000
1567018436.429136, 140.937500
1567018437.432078, 141.000000
1567018438.435037, 141.000000
1567018439.437969, 141.000000
1567018440.440948, 141.062500
1567018441.443900, 141.250000
1567018442.446830, 141.250000
1567018443.449822, 141.312500
1567018444.452785, 141.312500
1567018445.455698, 141.375000
1567018446.458630, 141.437500
1567018447.461563, 141.500000
1567018448.464500, 141.500000
1567018449.467429, 141.562500
1567018450.469795, 141.625000
1567018451.472720, 141.750000
1567018452.474989, 128.500000
1567018453.477186, 128.500000
1567018454.479802, 141.875000
1567018455.482748, 141.937500
1567018456.485687, 141.937500
1567018457.488634, 142.000000
1567018458.491589, 142.125000
1567018459.493886, 142.125000
1567018460.496100, 142.250000
1567018461.499043, 142.187500
1567018462.501977, 142.312500
1567018463.504275, 142.375000
1567018464.507177, 142.437500
1567018465.510118, 142.437500
1567018466.513062, 142.500000
1567018467.515997, 142.562500
1567018468.518925, 142.625000
1567018469.521874, 142.750000
1567018470.524813, 142.687500
1567018471.527752, 142.750000
1567018472.529108, 142.750000
1567018473.532000, 142.812500
1567018474.534936, 142.937500
1567018475.537845, 143.000000
1567018476.540850, 143.062500
1567018477.543778, 143.062500
1567018478.546712, 143.187500
1567018479.549650, 143.250000
1567018480.552581, 143.250000
1567018481.555517, 143.250000
1567018482.558450, 143.312500
1567018483.561388, 143.375000
1567018484.564322, 143.437500
1567018485.567259, 143.562500
1567018486.569097, 128.500000
1567018487.571979, 143.687500
1567018488.574910, 143.687500
1567018489.577867, 143.687500
1567018490.580857, 143.812500
1567018491.583770, 143.812500
1567018492.586724, 143.875000
1567018493.589708, 143.875000
1567018494.592660, 144.000000
1567018495.595595, 144.062500
1567018496.598524, 144.187500
1567018497.600792, 144.562500
1567018498.603669, 144.187500
1567018499.606610, 144.250000
1567018500.609544, 144.312500
1567018501.612475, 144.375000
1567018502.615400, 144.375000
1567018503.618330, 144.500000
1567018504.621262, 144.562500
1567018505.624197, 144.500000
1567018506.627133, 144.687500
1567018507.629789, 144.625000
1567018508.632721, 144.687500
1567018509.635661, 144.812500
1567018510.638601, 144.812500
1567018511.641550, 144.875000
1567018512.644491, 144.937500
1567018513.647433, 144.937500
1567018514.649809, 144.937500
1567018515.652774, 145.062500
1567018516.655710, 145.062500
1567018517.658659, 145.187500
1567018518.661619, 145.187500
1567018519.664552, 145.187500
1567018520.667485, 145.312500
1567018521.670463, 145.375000
1567018522.673390, 145.437500
1567018523.676315, 145.375000
1567018524.679247, 145.500000
1567018525.682187, 145.562500
1567018526.684484, 145.625000
1567018527.687358, 145.687500
1567018528.689806, 145.687500
1567018529.692754, 145.812500
1567018530.695733, 145.875000
1567018531.698666, 145.937500
1567018532.701595, 146.000000
1567018533.704537, 146.062500
1567018534.707468, 146.062500
1567018535.709805, 146.062500
1567018536.712744, 146.125000
1567018537.715681, 146.312500
1567018538.718584, 146.250000
1567018539.721517, 146.312500
1567018540.724512, 146.437500
1567018541.727450, 146.500000
1567018542.729136, 146.500000
1567018543.732004, 146.625000
1567018544.734928, 146.625000
1567018545.737865, 146.687500
1567018546.740856, 146.687500
1567018547.743813, 146.750000
1567018548.746758, 146.875000
1567018549.749731, 146.875000
1567018550.752660, 146.937500
1567018551.755778, 147.000000
1567018552.758803, 146.937500
1567018553.761741, 147.125000
1567018554.764633, 147.125000
1567018555.767576, 147.187500
1567018556.770535, 147.187500
1567018557.773468, 147.250000
1567018558.776411, 147.312500
1567018559.779337, 147.375000
1567018560.782272, 147.500000
1567018561.785211, 147.437500
1567018562.788151, 147.562500
1567018563.791092, 147.625000
1567018564.794049, 147.625000
1567018565.796994, 147.625000
1567018566.799809, 147.687500
1567018567.802763, 147.812500
1567018568.805916, 147.812500
1567018569.808870, 147.937500
1567018570.811784, 147.937500
1567018571.814705, 148.062500
1567018572.817643, 148.062500
1567018573.819801, 148.125000
1567018574.822724, 148.125000
1567018575.825662, 148.250000
1567018576.828609, 148.250000
1567018577.831544, 148.312500
1567018578.833800, 144.562500
1567018579.835835, 144.562500
1567018580.838108, 148.437500
1567018581.840980, 148.562500
1567018582.843923, 148.500000
1567018583.846186, 144.562500
1567018584.849074, 148.625000
1567018585.852006, 148.625000
1567018586.854937, 148.687500
1567018587.857878, 148.812500
1567018588.860869, 148.750000
1567018589.863805, 148.875000
1567018590.866746, 149.000000
1567018591.869742, 149.000000
1567018592.872694, 149.000000
1567018593.875663, 149.125000
1567018594.878619, 149.187500
1567018595.881616, 149.187500
1567018596.884553, 149.250000
1567018597.887503, 149.312500
1567018598.889806, 149.312500
1567018599.892736, 149.437500
1567018600.895673, 149.500000
1567018601.898585, 149.500000
1567018602.901514, 149.500000
1567018603.904459, 149.687500
1567018604.907385, 149.687500
1567018605.910348, 149.750000
1567018606.913291, 149.812500
1567018607.916250, 149.750000
1567018608.919186, 149.875000
1567018609.922128, 149.937500
1567018610.925086, 149.937500
1567018611.928072, 150.000000
1567018612.931008, 150.062500
1567018613.933939, 150.125000
1567018614.936894, 150.125000
1567018615.939802, 150.187500
1567018616.942772, 150.250000
1567018617.945693, 150.250000
1567018618.949507, 150.312500
1567018619.952476, 150.437500
1567018620.955428, 150.500000
1567018621.958348, 150.500000
1567018622.961288, 150.562500
1567018623.964224, 150.625000
1567018624.967158, 150.687500
1567018625.969802, 150.687500
1567018626.972738, 150.812500
1567018627.975678, 150.875000
1567018628.978625, 150.812500
1567018629.981562, 150.937500
1567018630.984512, 151.000000
1567018631.987438, 151.062500
1567018632.989799, 151.125000
1567018633.992714, 151.187500
1567018634.995648, 151.187500
1567018635.998588, 151.250000
1567018637.001532, 151.312500
1567018638.004465, 151.437500
1567018639.007422, 151.375000
1567018640.010388, 151.500000
1567018641.013344, 151.562500
1567018642.016271, 151.687500
1567018643.019211, 151.687500
1567018644.022154, 151.625000
1567018645.025083, 151.750000
1567018646.028072, 151.750000
1567018647.031002, 151.875000
1567018648.033941, 151.937500
1567018649.036893, 151.937500
1567018650.039788, 152.062500
1567018651.042712, 152.125000
1567018652.045657, 152.062500
1567018653.048587, 152.125000
1567018654.051517, 152.125000
1567018655.054502, 152.250000
1567018656.057446, 152.312500
1567018657.059815, 152.312500
1567018658.062742, 152.437500
1567018659.065697, 152.500000
1567018660.068631, 152.500000
1567018661.071573, 152.562500
1567018662.074506, 152.562500
1567018663.077442, 152.750000
1567018664.079813, 152.750000
1567018665.082762, 152.687500
1567018666.085667, 152.812500
1567018667.088626, 152.937500
1567018668.091557, 152.875000
1567018669.094500, 153.000000
1567018670.097430, 153.062500
1567018671.099803, 153.125000
1567018672.102739, 153.125000
1567018673.105672, 153.187500
1567018674.108614, 153.125000
1567018675.111570, 153.250000
1567018676.114515, 153.312500
1567018677.117450, 153.375000
1567018678.119830, 153.375000
1567018679.122782, 153.437500
1567018680.125725, 153.437500
1567018681.128698, 153.562500
1567018682.131602, 153.500000
1567018683.134529, 153.687500
1567018684.137481, 153.687500
1567018685.139803, 153.750000
1567018686.142740, 153.750000
1567018687.145686, 153.750000
1567018688.148620, 153.937500
1567018689.151738, 153.875000
1567018690.154672, 154.062500
1567018691.157602, 154.125000
1567018692.159814, 154.125000
1567018693.162757, 154.062500
1567018694.165686, 154.250000
1567018695.168625, 154.312500
1567018696.171558, 154.312500
1567018697.174504, 154.375000
1567018698.177414, 154.437500
1567018699.179789, 154.500000
1567018700.182736, 154.500000
1567018701.185687, 154.625000
1567018702.188662, 154.562500
1567018703.190931, 144.562500
1567018704.193804, 154.750000
1567018705.196732, 154.875000
1567018706.199749, 154.875000
1567018707.202681, 154.937500
1567018708.205616, 155.000000
1567018709.208548, 155.000000
1567018710.211477, 155.125000
1567018711.214412, 155.062500
1567018712.217371, 155.125000
1567018713.220328, 155.187500
1567018714.223231, 155.250000
1567018715.226171, 155.250000
1567018716.229106, 155.312500
1567018717.232042, 155.437500
1567018718.234970, 155.437500
1567018719.237911, 155.562500
1567018720.240911, 155.562500
1567018721.243853, 155.625000
1567018722.246777, 155.687500
1567018723.249776, 155.750000
1567018724.252707, 155.812500
1567018725.255647, 155.812500
1567018726.258585, 155.937500
1567018727.261509, 155.875000
1567018728.264467, 155.937500
1567018729.267414, 156.000000
1567018730.269787, 156.125000
1567018731.272823, 156.125000
1567018732.275845, 156.125000
1567018733.278921, 156.125000
1567018734.281864, 156.250000
1567018735.284865, 156.312500
1567018736.287801, 156.312500
1567018737.289810, 156.437500
1567018738.292790, 156.562500
1567018739.295717, 156.625000
1567018740.298643, 156.562500
1567018741.301563, 156.687500
1567018742.304494, 156.812500
1567018743.307437, 156.875000
1567018744.309817, 156.750000
1567018745.312755, 156.812500
1567018746.315980, 156.875000
1567018747.319448, 156.937500
1567018748.322392, 156.937500
1567018749.325326, 157.125000
1567018750.327584, 144.562500
1567018751.329100, 144.562500
1567018752.331978, 157.250000
1567018753.334930, 157.312500
1567018754.337237, 157.375000
1567018755.339155, 157.500000
1567018756.341128, 157.500000
1567018757.344060, 157.500000
1567018758.347002, 157.562500
1567018759.349822, 157.625000
1567018760.352755, 157.687500
1567018761.355667, 157.812500
1567018762.358603, 157.812500
1567018763.360866, 144.562500
1567018764.363758, 157.875000
1567018765.366704, 157.937500
1567018766.369657, 158.000000
1567018767.372592, 158.000000
1567018768.375545, 158.125000
1567018769.378488, 158.187500
1567018770.381422, 158.187500
1567018771.384367, 158.187500
1567018772.387301, 158.312500
1567018773.389806, 158.437500
1567018774.392765, 158.375000
1567018775.395699, 158.500000
1567018776.398612, 158.562500
1567018777.401544, 158.562500
1567018778.404474, 158.625000
1567018779.407428, 158.625000
1567018780.409107, 144.562500
1567018781.412000, 158.812500
1567018782.414947, 158.812500
1567018783.417897, 158.812500
1567018784.420911, 158.812500
1567018785.423842, 158.937500
1567018786.426783, 159.000000
1567018787.429759, 159.062500
1567018788.432703, 159.062500
1567018789.435683, 159.125000
1567018790.437942, 144.562500
1567018791.440819, 159.187500
1567018792.443760, 159.250000
1567018793.446721, 159.375000
1567018794.449729, 159.437500
1567018795.452669, 159.500000
1567018796.455610, 159.437500
1567018797.458574, 159.437500
1567018798.460863, 159.562500
1567018799.463737, 159.687500
1567018800.466668, 159.625000
1567018801.469617, 159.625000
1567018802.472573, 159.750000
1567018803.475527, 159.875000
1567018804.478468, 159.937500
1567018805.481398, 159.937500
1567018806.484331, 159.875000
1567018807.487234, 160.000000
1567018808.489812, 160.062500
1567018809.492746, 160.125000
1567018810.495683, 160.125000
1567018811.498618, 160.125000
1567018812.501547, 160.250000
1567018813.504483, 160.312500
1567018814.507409, 160.312500
1567018815.509800, 160.375000
1567018816.512738, 160.437500
1567018817.515683, 160.500000
1567018818.518619, 160.500000
1567018819.520956, 160.562500
1567018820.523837, 160.687500
1567018821.526858, 160.812500
1567018822.529829, 160.750000
1567018823.532655, 160.812500
1567018824.535604, 160.875000
1567018825.538547, 160.937500
1567018826.541670, 161.000000
1567018827.544619, 161.062500
1567018828.547551, 161.000000
1567018829.550508, 161.062500
1567018830.553434, 161.187500
1567018831.556369, 161.250000
1567018832.559334, 161.250000
1567018833.562274, 161.312500
1567018834.565228, 161.437500
1567018835.567487, 160.625000
1567018836.569821, 161.437500
1567018837.572739, 161.437500
1567018838.575284, 161.500000
1567018839.577542, 160.625000
1567018840.579814, 161.625000
1567018841.582732, 161.687500
1567018842.585665, 161.687500
1567018843.588606, 161.687500
1567018844.591541, 161.812500
1567018845.594473, 161.937500
1567018846.597407, 161.875000
1567018847.599802, 161.937500
1567018848.602739, 161.937500
1567018849.605672, 162.062500
1567018850.608604, 162.125000
1567018851.611529, 162.187500
1567018852.614457, 162.187500
1567018853.617369, 162.250000
1567018854.620316, 162.312500
1567018855.623283, 162.312500
1567018856.626216, 162.437500
1567018857.629148, 162.437500
1567018858.632086, 162.500000
1567018859.635014, 162.562500
1567018860.637948, 162.562500
1567018861.640934, 162.687500
1567018862.643855, 162.750000
1567018863.646787, 162.875000
1567018864.649774, 162.875000
1567018865.652705, 162.937500
1567018866.655631, 162.937500
1567018867.658674, 163.125000
1567018868.661676, 163.062500
1567018869.664619, 163.187500
1567018870.667556, 163.250000
1567018871.669105, 160.625000
1567018872.671970, 163.312500
1567018873.674921, 163.375000
1567018874.677854, 163.437500
1567018875.680878, 163.437500
1567018876.683812, 163.437500
1567018877.686828, 163.500000
1567018878.691365, 163.562500
1567018879.694301, 163.625000
1567018880.697238, 163.687500
1567018881.699892, 163.750000
1567018882.702833, 163.750000
1567018883.705786, 163.875000
1567018884.708698, 163.875000
1567018885.711635, 163.937500
1567018886.714577, 164.000000
1567018887.717499, 164.062500
1567018888.719107, 160.625000
1567018889.721982, 164.125000
1567018890.724918, 164.125000
1567018891.728057, 164.187500
1567018892.730996, 164.312500
1567018893.733926, 164.312500
1567018894.736885, 164.312500
1567018895.739803, 164.437500
1567018896.742744, 164.437500
1567018897.745682, 164.562500
1567018898.748616, 164.562500
1567018899.751582, 164.625000
1567018900.754482, 164.687500
1567018901.757482, 164.687500
1567018902.760456, 164.687500
1567018903.763398, 164.750000
1567018904.766327, 164.875000
1567018905.769286, 164.937500
1567018906.772241, 164.875000
1567018907.775198, 164.937500
1567018908.778132, 165.062500
1567018909.781089, 165.062500
1567018910.784020, 165.125000
1567018911.786963, 165.125000
1567018912.789919, 165.187500
1567018913.792867, 165.312500
1567018914.795810, 165.312500
1567018915.798779, 165.375000
1567018916.801711, 165.437500
1567018917.804643, 165.500000
1567018918.807596, 165.562500
1567018919.809811, 165.562500
1567018920.812742, 165.562500
1567018921.815682, 165.812500
1567018922.818623, 165.750000
1567018923.821555, 165.750000
1567018924.824509, 165.750000
1567018925.827456, 165.812500
1567018926.829804, 165.875000
1567018927.832740, 165.937500
1567018928.835679, 166.000000
1567018929.838625, 166.125000
1567018930.841583, 166.125000
1567018931.844590, 166.187500
1567018932.847501, 166.187500
1567018933.850249, 166.187500
1567018934.853171, 166.312500
1567018935.856147, 166.437500
1567018936.859083, 166.437500
1567018937.861377, 166.437500
1567018938.864260, 166.437500
1567018939.867208, 166.562500
1567018940.870161, 166.625000
1567018941.873111, 166.750000
1567018942.876044, 166.687500
1567018943.879017, 166.812500
1567018944.881967, 166.875000
1567018945.884911, 166.875000
1567018946.887199, 166.937500
1567018947.889814, 166.937500
1567018948.892719, 167.062500
1567018949.895663, 167.125000
1567018950.898611, 167.125000
1567018951.901546, 167.187500
1567018952.904508, 167.187500
1567018953.907437, 167.312500
1567018954.909794, 167.375000
1567018955.912725, 167.312500
1567018956.915666, 167.437500
1567018957.918628, 167.500000
1567018958.921557, 167.562500
1567018959.924490, 167.625000
1567018960.927411, 167.687500
1567018961.929800, 167.687500
1567018962.932907, 167.687500
1567018963.935866, 167.812500
1567018964.938798, 167.875000
1567018965.941736, 167.875000
1567018966.944679, 167.937500
1567018967.947615, 168.000000
1567018968.949856, 168.000000
1567018969.952795, 168.062500
1567018970.955734, 168.187500
1567018971.958703, 168.187500
1567018972.961644, 168.250000
1567018973.963913, 160.625000
1567018974.966793, 168.312500
1567018975.969777, 168.312500
1567018976.972713, 168.437500
1567018977.975648, 168.500000
1567018978.978584, 168.562500
1567018979.981512, 168.625000
1567018980.984436, 168.625000
1567018981.987370, 168.625000
1567018982.990313, 168.687500
1567018983.993246, 168.687500
1567018984.996181, 168.875000
1567018985.999117, 168.875000
1567018987.002120, 168.875000
1567018988.005084, 168.937500
1567018989.008075, 169.000000
1567018990.011014, 169.062500
1567018991.013947, 169.062500
1567018992.016874, 169.250000
1567018993.019807, 169.312500
1567018994.022755, 169.250000
1567018995.025687, 169.375000
1567018996.028599, 169.437500
1567018997.031553, 169.375000
1567018998.034488, 169.437500
1567018999.037418, 169.625000
1567019000.040359, 169.625000
1567019001.043298, 169.625000
1567019002.046230, 169.562500
1567019003.049167, 169.750000
1567019004.052106, 169.750000
1567019005.055059, 169.875000
1567019006.058040, 169.875000
1567019007.061005, 169.875000
1567019008.063933, 169.937500
1567019009.066892, 170.062500
1567019010.069825, 170.062500
1567019011.072767, 170.125000
1567019012.075670, 170.125000
1567019013.078637, 170.125000
1567019014.081581, 170.312500
1567019015.084546, 170.312500
1567019016.087483, 170.375000
1567019017.089804, 170.375000
1567019018.092737, 170.375000
1567019019.095669, 170.500000
1567019020.098609, 170.500000
1567019021.101542, 170.625000
1567019022.104480, 170.687500
1567019023.107428, 170.687500
1567019024.109803, 170.687500
1567019025.112754, 170.812500
1567019026.115701, 170.875000
1567019027.118636, 170.937500
1567019028.121538, 170.937500
1567019029.124494, 171.062500
1567019030.127472, 171.125000
1567019031.129801, 171.125000
1567019032.132733, 171.125000
1567019033.134997, 160.625000
1567019034.137873, 171.250000
1567019035.140857, 171.312500
1567019036.143787, 171.437500
1567019037.146738, 171.375000
1567019038.149712, 171.437500
1567019039.152654, 171.437500
1567019040.155612, 171.500000
1567019041.158543, 171.687500
1567019042.161482, 171.687500
1567019043.164408, 171.687500
1567019044.167469, 171.750000
1567019045.169812, 171.750000
1567019046.172747, 171.812500
1567019047.175792, 171.875000
1567019048.178728, 171.875000
1567019049.181020, 171.937500
1567019050.183989, 172.062500
1567019051.186925, 172.125000
1567019052.189811, 172.062500
1567019053.192746, 172.125000
1567019054.195679, 172.187500
1567019055.198622, 172.187500
1567019056.201557, 172.375000
1567019057.204497, 172.375000
1567019058.206798, 172.437500
1567019059.209731, 172.500000
1567019060.212682, 172.562500
1567019061.215606, 172.562500
1567019062.218545, 172.562500
1567019063.221479, 172.562500
1567019064.223734, 160.625000
1567019065.225934, 160.625000
1567019066.228839, 172.750000
1567019067.231781, 172.875000
1567019068.234047, 160.625000
1567019069.236935, 172.937500
1567019070.239811, 173.000000
1567019071.242761, 173.062500
1567019072.245711, 173.125000
1567019073.248649, 173.125000
1567019074.251553, 173.250000
1567019075.254491, 173.250000
1567019076.257433, 173.187500
1567019077.259727, 173.312500
1567019078.262664, 173.375000
1567019079.265612, 173.437500
1567019080.268547, 173.437500
1567019081.271491, 173.562500
1567019082.274425, 173.625000
1567019083.277390, 173.625000
1567019084.279803, 173.687500
1567019085.282741, 173.687500
1567019086.285680, 173.687500
1567019087.288626, 173.750000
1567019088.291639, 173.875000
1567019089.294572, 173.875000
1567019090.297506, 174.000000
1567019091.299832, 174.000000
1567019092.302778, 174.000000
1567019093.305711, 174.062500
1567019094.308659, 174.125000
1567019095.311592, 174.187500
1567019096.314528, 174.250000
1567019097.317487, 174.250000
1567019098.319804, 174.375000
1567019099.322735, 174.437500
1567019100.325920, 174.437500
1567019101.328895, 174.437500
1567019102.331846, 174.500000
1567019103.334784, 174.687500
1567019104.337085, 174.687500
1567019105.339828, 174.687500
1567019106.342777, 174.750000
1567019107.345716, 174.812500
1567019108.348655, 174.875000
1567019109.351590, 174.875000
1567019110.354521, 174.937500
1567019111.357490, 175.000000
1567019112.359885, 175.000000
1567019113.362818, 175.125000
1567019114.365758, 175.187500
1567019115.368700, 175.250000
1567019116.371655, 175.250000
1567019117.374597, 175.250000
1567019118.377547, 175.375000
1567019119.379823, 175.437500
1567019120.382752, 175.437500
1567019121.385678, 175.500000
1567019122.388614, 175.500000
1567019123.391553, 175.562500
1567019124.394489, 175.562500
1567019125.397440, 175.687500
1567019126.399813, 175.625000
1567019127.402769, 175.750000
1567019128.405706, 175.812500
1567019129.408691, 175.812500
1567019130.411636, 175.875000
1567019131.414571, 175.875000
1567019132.417509, 175.937500
1567019133.419804, 176.000000
1567019134.422736, 176.062500
1567019135.425669, 176.125000
1567019136.428608, 176.125000
1567019137.431526, 176.187500
1567019138.434609, 176.312500
1567019139.437553, 176.312500
1567019140.440500, 176.375000
1567019141.442797, 176.375000
1567019142.445672, 176.375000
1567019143.448614, 176.500000
1567019144.451546, 176.562500
1567019145.454584, 176.625000
1567019146.457518, 176.687500
1567019147.459796, 176.687500
1567019148.462727, 176.750000
1567019149.465667, 176.812500
1567019150.467926, 176.687500
1567019151.470832, 176.937500
1567019152.473753, 176.937500
1567019153.476698, 177.062500
1567019154.479653, 177.000000
1567019155.482586, 177.062500
1567019156.485582, 177.062500
1567019157.488514, 177.250000
1567019158.491450, 177.250000
1567019159.494464, 177.312500
1567019160.497398, 177.312500
1567019161.499900, 177.312500
1567019162.502831, 177.375000
1567019163.505774, 177.437500
1567019164.508716, 177.562500
1567019165.511674, 177.562500
1567019166.514608, 177.625000
1567019167.517540, 177.625000
1567019168.519772, 177.687500
1567019169.522719, 177.687500
1567019170.525654, 177.750000
1567019171.528601, 177.750000
1567019172.531567, 177.812500
1567019173.534520, 177.937500
1567019174.537454, 177.937500
1567019175.540407, 178.000000
1567019176.543338, 178.000000
1567019177.546280, 178.000000
1567019178.549218, 178.125000
1567019179.552152, 178.250000
1567019180.555083, 178.187500
1567019181.558084, 178.312500
1567019182.561030, 178.375000
1567019183.563986, 178.375000
1567019184.566915, 178.375000
1567019185.569133, 178.437500
1567019186.572006, 178.500000
1567019187.574943, 178.562500
1567019188.577878, 178.687500
1567019189.580864, 178.687500
1567019190.583819, 178.687500
1567019191.586748, 178.687500
1567019192.589760, 178.812500
1567019193.592023, 176.687500
1567019194.594922, 178.875000
1567019195.597203, 176.687500
1567019196.600097, 178.937500
1567019197.603030, 178.937500
1567019198.604928, 179.062500
1567019199.607155, 179.125000
1567019200.609797, 179.125000
1567019201.612729, 179.250000
1567019202.615660, 179.250000
1567019203.618706, 179.437500
1567019204.621677, 179.375000
1567019205.624608, 179.375000
1567019206.627544, 179.500000
1567019207.629230, 179.562500
1567019208.632188, 179.625000
1567019209.635123, 179.625000
1567019210.638099, 179.687500
1567019211.641028, 179.687500
1567019212.643963, 179.812500
1567019213.646898, 179.812500
1567019214.649773, 179.937500
1567019215.651820, 180.000000
1567019216.654695, 180.000000
1567019217.657748, 180.062500
1567019218.659821, 180.125000
1567019219.662752, 180.062500
1567019220.665684, 180.125000
1567019221.668682, 180.250000
1567019222.671611, 180.250000
1567019223.673902, 180.312500
1567019224.676101, 176.687500
1567019225.679027, 180.375000
1567019226.681956, 180.437500
1567019227.684887, 180.500000
1567019228.687823, 180.562500
1567019229.689776, 180.625000
1567019230.692726, 180.625000
1567019231.695647, 180.687500
1567019232.697906, 176.687500
1567019233.700903, 180.750000
1567019234.703834, 180.812500
1567019235.706768, 180.875000
1567019236.709794, 180.937500
1567019237.712745, 181.000000
1567019238.715674, 180.937500
1567019239.718627, 181.000000
1567019240.721553, 181.000000
1567019241.724489, 181.125000
1567019242.727424, 181.125000
1567019243.729805, 181.187500
1567019244.732721, 181.312500
1567019245.735737, 181.312500
1567019246.738700, 181.250000
1567019247.741631, 181.375000
1567019248.744558, 181.375000
1567019249.747530, 181.437500
1567019250.749809, 181.562500
1567019251.752066, 176.687500
1567019252.754321, 181.687500
1567019253.757217, 181.625000
1567019254.759791, 181.687500
1567019255.762722, 181.812500
1567019256.765730, 181.812500
1567019257.768677, 181.937500
1567019258.771607, 182.000000
1567019259.774512, 182.000000
1567019260.777445, 182.062500
1567019261.779808, 182.000000
1567019262.782747, 182.125000
1567019263.785703, 182.062500
1567019264.788634, 182.187500
1567019265.791571, 182.312500
1567019266.794518, 182.312500
1567019267.797472, 182.312500
1567019268.799812, 182.375000
1567019269.802755, 182.437500
1567019270.805677, 182.437500
1567019271.807939, 176.687500
1567019272.810869, 182.562500
1567019273.813828, 182.500000
1567019274.816742, 182.625000
1567019275.819722, 182.687500
1567019276.822652, 182.687500
1567019277.825603, 182.812500
1567019278.828548, 182.812500
1567019279.831496, 182.937500
1567019280.834424, 182.937500
1567019281.836763, 183.062500
1567019282.839651, 183.062500
1567019283.842586, 183.125000
1567019284.845544, 183.125000
1567019285.848489, 183.187500
1567019286.851427, 183.250000
1567019287.854376, 183.250000
1567019288.857321, 183.312500
1567019289.859777, 183.437500
1567019290.862724, 183.437500
1567019291.865647, 183.437500
1567019292.868588, 183.500000
1567019293.871518, 183.562500
1567019294.874458, 183.562500
1567019295.876725, 176.687500
1567019296.879611, 183.687500
1567019297.882563, 183.750000
1567019298.885495, 183.812500
1567019299.887797, 183.812500
1567019300.889106, 176.687500
1567019301.891981, 183.875000
1567019302.894923, 183.937500
1567019303.897852, 183.937500
1567019304.900209, 184.000000
1567019305.902432, 176.687500
1567019306.904637, 176.687500
1567019307.906854, 176.687500
1567019308.909080, 176.687500
1567019309.911958, 184.312500
1567019310.914893, 184.312500
1567019311.917899, 184.375000
1567019312.920888, 184.375000
1567019313.923179, 184.500000
1567019314.926065, 184.500000
1567019315.928850, 184.562500
1567019316.931790, 184.625000
1567019317.934848, 184.625000
1567019318.937775, 184.625000
1567019319.939797, 184.687500
1567019320.942746, 184.750000
1567019321.945695, 184.812500
1567019322.947987, 184.875000
1567019323.950995, 184.937500
1567019324.953238, 176.687500
1567019325.956131, 185.000000
1567019326.958423, 185.062500
1567019327.961300, 185.125000
1567019328.964240, 185.187500
1567019329.967170, 185.312500
1567019330.970110, 185.250000
1567019331.973072, 185.375000
1567019332.976033, 185.375000
1567019333.979024, 185.375000
1567019334.981933, 185.437500
1567019335.984884, 185.500000
1567019336.987814, 185.437500
1567019337.989812, 185.562500
1567019338.992761, 185.687500
1567019339.995691, 185.687500
1567019340.998619, 185.812500
1567019342.001557, 185.750000
1567019343.004514, 185.812500
1567019344.007447, 185.875000
1567019345.009811, 186.000000
1567019346.012069, 176.687500
1567019347.014944, 186.125000
1567019348.017891, 186.125000
1567019349.020889, 186.125000
1567019350.023820, 186.125000
1567019351.026722, 186.125000
1567019352.029699, 186.250000
1567019353.032649, 186.250000
1567019354.035586, 186.312500
1567019355.038525, 186.375000
1567019356.041459, 186.437500
1567019357.044394, 186.500000
1567019358.047332, 186.500000
1567019359.050284, 186.687500
1567019360.053215, 186.625000
1567019361.056143, 186.687500
1567019362.059080, 186.812500
1567019363.061384, 186.812500
1567019364.063620, 186.812500
1567019365.066515, 186.937500
1567019366.069438, 186.937500
1567019367.072371, 187.000000
1567019368.075307, 187.062500
1567019369.078330, 187.062500
1567019370.081267, 187.062500
1567019371.084236, 187.125000
1567019372.087181, 187.187500
1567019373.089808, 187.250000
1567019374.092266, 187.250000
1567019375.095152, 187.375000
1567019376.098130, 187.437500
1567019377.101060, 187.500000
1567019378.104000, 187.500000
1567019379.107009, 187.562500
1567019380.109808, 187.625000
1567019381.112753, 187.625000
1567019382.115652, 187.687500
1567019383.118611, 187.687500
1567019384.121599, 187.750000
1567019385.124564, 187.812500
1567019386.127519, 187.812500
1567019387.129798, 187.875000
1567019388.132735, 187.875000
1567019389.135670, 188.000000
1567019390.138623, 188.000000
1567019391.141559, 187.937500
1567019392.144532, 188.062500
1567019393.146856, 188.125000
1567019394.148665, 188.250000
1567019395.151538, 188.312500
1567019396.154474, 188.375000
1567019397.156756, 188.437500
1567019398.159640, 188.500000
1567019399.162561, 188.437500
1567019400.165492, 188.500000
1567019401.168425, 188.625000
1567019402.171361, 188.750000
1567019403.174293, 188.687500
1567019404.177219, 188.750000
1567019405.179829, 188.750000
1567019406.182092, 176.687500
1567019407.184981, 188.812500
1567019408.187940, 189.000000
1567019409.190914, 188.937500
1567019410.193842, 189.000000
1567019411.196781, 189.062500
1567019412.199743, 189.000000
1567019413.202692, 189.125000
1567019414.205620, 189.187500
1567019415.208554, 189.250000
1567019416.211489, 189.312500
1567019417.214434, 189.312500
1567019418.217392, 189.375000
1567019419.219799, 189.437500
1567019420.222739, 189.437500
1567019421.225691, 189.500000
1567019422.228636, 189.562500
1567019423.231573, 189.500000
1567019424.234524, 189.625000
1567019425.237556, 189.687500
1567019426.240507, 189.812500
1567019427.243482, 189.750000
1567019428.245763, 189.875000
1567019429.248683, 189.812500
1567019430.250936, 176.687500
1567019431.253131, 176.687500
1567019432.256018, 190.000000
1567019433.259001, 190.062500
1567019434.261935, 190.125000
1567019435.264880, 190.187500
1567019436.267818, 190.187500
1567019437.269808, 190.250000
1567019438.272743, 190.312500
1567019439.275724, 190.312500
1567019440.278028, 176.687500
1567019441.280928, 190.437500
1567019442.283866, 190.500000
1567019443.286810, 190.500000
1567019444.289797, 190.562500
1567019445.292754, 190.625000
1567019446.295689, 190.687500
1567019447.298642, 190.750000
1567019448.301580, 190.750000
1567019449.304524, 190.812500
1567019450.307458, 190.750000
1567019451.309792, 190.937500
1567019452.312723, 190.937500
1567019453.315668, 191.000000
1567019454.318600, 191.062500
1567019455.321534, 191.000000
1567019456.324464, 191.062500
1567019457.327399, 191.187500
1567019458.329781, 191.187500
1567019459.332729, 191.250000
1567019460.335676, 191.312500
1567019461.338613, 191.312500
1567019462.341567, 191.375000
1567019463.344518, 191.375000
1567019464.347474, 191.437500
1567019465.349827, 191.500000
1567019466.352127, 191.625000
1567019467.355033, 191.562500
1567019468.357968, 191.687500
1567019469.360944, 191.625000
1567019470.363889, 191.750000
1567019471.366829, 191.812500
1567019472.369790, 191.812500
1567019473.372708, 191.875000
1567019474.375619, 191.937500
1567019475.378563, 191.937500
1567019476.381502, 192.000000
1567019477.383810, 192.062500
1567019478.386743, 192.125000
1567019479.389725, 192.187500
1567019480.392667, 192.125000
1567019481.394964, 192.187500
1567019482.397192, 192.187500
1567019483.399806, 192.250000
1567019484.402079, 192.750000
1567019485.404954, 192.375000
1567019486.407213, 192.750000
1567019487.409854, 192.437500
1567019488.412081, 192.500000
1567019489.414954, 192.500000
1567019490.418037, 192.562500
1567019491.421054, 192.625000
1567019492.423995, 192.750000
1567019493.426931, 192.812500
1567019494.429806, 192.812500
1567019495.432739, 192.937500
1567019496.435671, 192.875000
1567019497.438614, 193.000000
1567019498.441626, 192.937500
1567019499.444585, 193.062500
1567019500.447526, 193.125000
1567019501.449802, 193.062500
1567019502.452739, 193.125000
1567019503.455650, 193.187500
1567019504.458576, 193.187500
1567019505.461510, 193.250000
1567019506.464444, 193.312500
1567019507.467386, 193.437500
1567019508.469814, 193.375000
1567019509.472756, 193.437500
1567019510.475862, 193.437500
1567019511.478799, 193.562500
1567019512.481770, 193.562500
1567019513.484704, 193.687500
1567019514.487629, 193.687500
1567019515.489819, 193.687500
1567019516.492746, 193.750000
1567019517.495695, 193.812500
1567019518.498611, 193.812500
1567019519.501548, 193.875000
1567019520.504477, 194.000000
1567019521.507408, 194.000000
1567019522.509850, 194.062500
1567019523.512776, 194.062500
1567019524.515712, 194.062500
1567019525.518649, 194.187500
1567019526.521626, 194.250000
1567019527.524571, 194.312500
1567019528.527517, 194.312500
1567019529.529808, 194.312500
1567019530.532746, 194.375000
1567019531.535701, 194.437500
1567019532.538641, 194.500000
1567019533.541653, 194.500000
1567019534.544583, 194.562500
1567019535.547527, 194.562500
1567019536.549810, 194.625000
1567019537.552747, 194.750000
1567019538.555780, 194.812500
1567019539.558725, 194.812500
1567019540.561664, 194.875000
1567019541.564611, 195.000000
1567019542.567545, 195.000000
1567019543.570504, 195.062500
1567019544.573454, 195.062500
1567019545.576387, 195.125000
1567019546.579316, 195.250000
1567019547.582336, 195.250000
1567019548.585270, 195.375000
1567019549.588212, 195.375000
1567019550.591121, 195.437500
1567019551.594036, 195.312500
1567019552.596977, 195.437500
1567019553.599813, 195.500000
1567019554.602756, 195.562500
1567019555.607270, 195.562500
1567019556.609800, 195.625000
1567019557.612730, 195.625000
1567019558.615686, 195.687500
1567019559.618631, 195.812500
1567019560.621616, 195.812500
1567019561.624616, 195.875000
1567019562.627556, 195.812500
1567019563.629798, 195.875000
1567019564.632749, 196.062500
1567019565.635665, 196.062500
1567019566.638607, 196.125000
1567019567.641547, 196.062500
1567019568.644485, 196.187500
1567019569.647433, 196.187500
1567019570.649809, 196.250000
1567019571.652827, 196.250000
1567019572.655763, 196.312500
1567019573.658697, 196.375000
1567019574.661704, 196.375000
1567019575.664637, 196.437500
1567019576.667558, 196.500000
1567019577.669809, 196.562500
1567019578.672760, 196.562500
1567019579.675695, 196.625000
1567019580.678610, 196.687500
1567019581.681553, 196.750000
1567019582.684491, 196.875000
1567019583.687431, 196.812500
1567019584.689803, 196.875000
1567019585.692734, 196.875000
1567019586.694768, 197.000000
1567019587.697696, 197.062500
1567019588.700644, 197.062500
1567019589.703592, 197.187500
1567019590.706524, 197.125000
1567019591.709473, 197.187500
1567019592.712421, 197.312500
1567019593.715353, 197.312500
1567019594.718291, 197.312500
1567019595.721225, 197.375000
1567019596.724160, 197.375000
1567019597.727096, 197.437500
1567019598.729814, 197.437500
1567019599.732761, 197.562500
1567019600.735704, 197.562500
1567019601.738656, 197.625000
1567019602.741600, 197.625000
1567019603.744533, 197.625000
1567019604.747474, 197.750000
1567019605.750427, 197.812500
1567019606.753376, 197.812500
1567019607.755640, 192.750000
1567019608.758537, 197.937500
1567019609.761478, 198.000000
1567019610.764431, 198.062500
1567019611.767363, 198.062500
1567019612.769794, 198.187500
1567019613.772708, 198.125000
1567019614.775656, 198.125000
1567019615.778592, 198.250000
1567019616.781529, 198.250000
1567019617.784466, 198.312500
1567019618.787426, 198.312500
1567019619.790505, 198.375000
1567019620.793453, 198.437500
1567019621.796418, 198.500000
1567019622.799350, 198.500000
1567019623.801646, 198.562500
1567019624.803877, 198.500000
1567019625.806767, 198.625000
1567019626.809762, 198.687500
1567019627.812080, 198.750000
1567019628.814944, 198.812500
1567019629.817892, 198.750000
1567019630.820874, 198.812500
1567019631.823821, 198.812500
1567019632.826120, 198.875000
1567019633.829020, 199.062500
1567019634.831960, 199.062500
1567019635.834221, 192.750000
1567019636.837114, 199.187500
1567019637.840068, 199.125000
1567019638.843023, 199.250000
1567019639.846008, 199.250000
1567019640.848985, 199.250000
1567019641.851912, 199.375000
1567019642.854846, 199.437500
1567019643.857776, 199.437500
1567019644.859773, 199.437500
1567019645.862714, 199.437500
1567019646.865649, 199.562500
1567019647.868763, 199.625000
1567019648.871697, 199.687500
1567019649.874630, 199.687500
1567019650.877567, 199.750000
1567019651.879802, 199.750000
1567019652.882791, 199.812500
1567019653.885727, 199.937500
1567019654.888676, 199.937500
1567019655.891606, 200.000000
